Vansjo_Hobol Baseline Extension 1995-2070
LakeWet,Forest,Urban,Agriculture
LakeWet,Forest,Urban,Agriculture
0.001	0.001	0.001	0.001	
0.02	0.02	0.02	0.02	
9999	9999	9999	9999	
0	0	0	0	
0	500	500	1000	
100	100	100	130	
0	0	0	0	
0	0	0	0	
1/1/1995
27759
150	150	150	150	
9999	9999	9999	9999	
0	0	0	0	
100	25	0	0	
0	50	25	25	
0	25	50	25	
0	0	25	25	
0	0	0	25	
5	5	5	5	
0.05	0.05	0.05	0.05	
0.05	0.05	0.05	0.05	
1	1	1	1	
110	110	110	110	
150	150	150	150	
0	0	0	0	
3	3	3	3	
0.3	0.3	0.3	0.3	
4.5	4.5	4.5	4.5	
0	0	0	115	
0	0	0	218	
0	0.2	0	0.1	
0	0	0	0.1	
0	0	0	0	
0	0	0	0	
0	0	0	0	
-0.025	-0.025	-0.025	-0.025	
2	2	2	2	
30	30	30	30	
0.7	0.7	0.7	0.7	
6.6	6.6	6.6	6.6	
0.66	0.66	0.66	0.66	
0.34	0.34	0.34	0.34	
0	0	0	0.1	
0.01	0.01	0.01	0.01	
0	0	0	10	
9999	9999	9999	9999	
0.33	0.33	0.33	0.33	
0.003	0.003	0.003	0.003	
1.4e+06	1.4e+06	1.4e+06	1.4e+06	
0	0	0	0	
0.1	2	0.5	2	
1000	1800	1800	1800	
1	1	1	1	
0	0	0	0.1	
1	1	1	1	
1	1	1	1	
2	2	2	2	
2	2	2	2	
0.1
0
0
0
0
0
0
1
1
1
1
1
1
0
0.005
0.005
1
4
4Kure
4Kure
304.4
4.9	78.3	0	16.8	
0.45	0.2	0.05	9	0	0.67	100	0	0.1	
0.005	15	5	0.7	0.001	0	800	0.5	2.65	0.001	0	0	
0	0	0.1	0.1	
8000	2	0.007	0.56	0.99	
0	0	0	0	0	0	0	0.1	1e-08	600	0.9	
59.684	11.041	1.066	1.066	0.3	0	0	0	0	0.0054	0.02	5	
0.02	10	0.0054	10	20	1	1	2	2	0	0	1.5	
1	1	1	1	1	0
5Vaaler
5Vaaler
32.41
3	77	0	20	
0.45	0.2	0.05	9	0	0.67	100	0	0.1	
0.005	15	5	0.7	0.001	0	800	0.5	2.65	0.001	0	0	
0	0	0.1	0.1	
10000	2	0.007	0.014	0.67	
0	0	0	0	0	0	0	0.1	1e-08	600	0.9	
59.684	11.041	1.066	1.066	0.3	4	0.002	4	0.002	0.0054	0.02	5	
0.02	10	0.0054	10	20	1	1	2	2	0	0	1.5	
1	1	1	1	1	0
6Storefjord
6Storefjord
243.9
3.3	84.7	0	12	
0.45	0.2	0.05	9	0	0.67	100	0	0.1	
0.005	15	5	0.7	0.001	0	800	0.5	2.65	0.001	0	0	
0	0	0.1	0.1	
10000	2	0.007	0.014	0.67	
0	0	0	0	0	0	0	0.1	1e-08	600	0.9	
59.684	11.041	1.066	1.066	0.3	4	0.002	4	0.002	0.0054	0.02	5	
0.02	10	0.0054	10	20	1	1	2	2	0	0	1.5	
1	1	1	1	1	0
7Vanemfjord
7Vanemfjord
58.3
19.9	63.9	0	16.2	
0.45	0.2	0.05	9	0	0.67	100	0	0.1	
0.005	15	5	0.7	0.001	0	800	0.5	2.65	0.001	0	0	
0	0	0.1	0.1	
10000	2	0.007	0.014	0.67	
0	0	0	0	0	0	0	0.1	1e-08	600	0.9	
59.684	11.041	1.066	1.066	0.3	4	0.002	4	0.002	0.0054	0.02	5	
0.02	10	0.0054	10	20	1	1	2	2	0	0	1.5	
1	1	1	1	1	0
