z	 OMzt	 OMbzt	 DOM1zt	 DOM2zt	 O2zt	 NO3zt	 NH4zt	 NH3zt	 FeOH3zt	 FeOOHzt	 Fe2zt	 SO4zt	 H2Szt	 HSzt	 PO4zt	 PO4adsazt	 PO4adsbzt	 S0zt	 S8zt	 FeSzt	 FeS2zt	 AlOH3zt	 Ca2zt	 Ca3PO42zt	 OMSzt	 Hzt	 CaCO3zt	 CO2zt	 CO3zt	 HCO3zt	 H2CO3zt	 Chlzt	 CH4aq	 CH4g	 FeCO3	 Fe3PO42
0	1.336	1051.9	0.00018332	0.00055894	0.38192	0.032242	0.0045554	-0	119.56	0	1.3569e-09	0.02082	-0	9.0696e-10	0.00059576	1.2581	1.421e-22	-0	0.027518	6.7182e-94	0.00039411	76.134	1.2476	0.00017704	0.29701	0.00017053	0.036486	0.23088	0.00079651	0.97069	-0	0.078788	2.9764e-36	-0	2.5318e-08	2.6297e-10
0.11765	0.53881	433.92	0.0001868	0.00057047	0.3766	0.030174	0.0059434	2.0776e-13	48.484	0	3.2521e-07	0.021481	3.3004e-06	1.0416e-09	0.0055025	1.2352	1.421e-22	6.146e-08	0.027521	7.4597e-93	0.0003941	31.216	1.2794	0.00018099	0.29701	0.00047713	0.036485	0.23608	0.00076835	0.92012	4.4466e-323	0.029552	2.2448e-21	0.0066333	1.4056e-07	1.4614e-09
0.23529	0.35502	291.89	0.00018933	0.00057916	0.36649	0.024347	0.0075995	2.1853e-12	32.145	0	9.1651e-07	0.022045	6.7561e-06	5.9489e-10	0.010644	1.3312	1.5402e-22	1.2775e-07	0.029831	1.1373e-91	0.00042718	20.938	1.305	0.00019959	0.32193	0.0007424	0.039548	0.47864	0.00038245	0.66238	1.0375e-322	0.017975	5.3357e-21	0.01359	1.8964e-07	1.9906e-09
0.35294	0.27435	229.85	0.00019111	0.00058551	0.3549	0.019258	0.0092086	3.7517e-12	25.03	0	1.3847e-08	0.022523	1.0328e-05	3.3828e-10	0.015965	1.4533	1.688e-22	1.926e-07	0.032691	2.0229e-90	0.00046816	16.5	1.3253	0.00022229	0.35279	0.00095427	0.043342	0.66368	0.00018952	0.48503	1.581e-322	0.012728	1.0287e-20	0.020793	2.268e-07	2.4089e-09
0.47059	0.22918	195.39	0.00019227	0.00058994	0.3423	0.014921	0.010757	5.0399e-12	21.114	0	1.887e-06	0.022927	1.3986e-05	1.9166e-10	0.021427	1.5888	1.8519e-22	2.5657e-07	0.03586	3.8802e-89	0.00051363	14.091	1.3412	0.00024772	0.38702	0.0011253	0.047551	0.79479	9.4661e-05	0.37454	2.0751e-322	0.0096951	1.8739e-20	0.028183	2.6085e-07	2.8073e-09
0.58824	0.20008	173.45	0.00019295	0.00059284	0.32902	0.011311	0.012239	6.1369e-12	18.664	0	2.1902e-06	0.023267	1.7708e-05	1.0827e-10	0.027004	1.7337	2.0282e-22	3.1984e-07	0.039266	7.7766e-88	0.00056252	12.612	1.3533	0.00027555	0.42383	0.0012623	0.052077	0.88934	4.83e-05	0.308	2.6185e-322	0.0076977	3.3487e-20	0.035712	2.9426e-07	3.2128e-09
0.70588	0.1794	158.1	0.00019326	0.00059455	0.31537	0.0083827	0.013651	7.0982e-12	16.995	0	2.5442e-06	0.023555	2.1475e-05	6.1017e-11	0.032678	1.8857	2.215e-22	3.8243e-07	0.042871	1.6029e-86	0.00061434	11.63	1.3624	0.00030563	0.46283	0.0013713	0.056874	0.96077	2.5695e-05	0.26855	3.1126e-322	0.006272	5.9393e-20	0.043347	3.2795e-07	3.6363e-09
0.82353	0.16357	146.55	0.00019329	0.00059534	0.30157	0.0060723	0.014992	7.9594e-12	15.781	0	3.0601e-06	0.023798	2.5276e-05	3.432e-11	0.038436	2.0434	2.4112e-22	4.4423e-07	0.046652	3.3676e-85	0.00066876	10.938	1.369	0.00033794	0.50379	0.0014582	0.061911	1.0177	1.467e-05	0.24545	3.7055e-322	0.005198	1.0496e-19	0.051062	3.6231e-07	4.0838e-09
0.94118	0.15073	137.37	0.00019312	0.00059546	0.28779	0.0043071	0.016261	8.7437e-12	14.847	0	4.7613e-06	0.024003	2.9102e-05	1.9275e-11	0.044274	2.2057	2.6159e-22	5.0513e-07	0.050592	7.171e-84	0.00072553	10.426	1.3737	0.00037244	0.5465	0.0015285	0.067165	1.0656	9.2772e-06	0.23212	4.1996e-322	0.0043578	1.8511e-19	0.05884	3.975e-07	4.5591e-09
1.0588	0.1399	129.74	0.00019281	0.00059507	0.27417	0.0030025	0.017462	9.4661e-12	14.094	0	4.5327e-06	0.024178	3.2949e-05	1.0811e-11	0.050189	2.3714	2.8283e-22	5.6497e-07	0.054674	1.542e-82	0.00078442	10.03	1.3768	0.00040914	0.5908	0.0015866	0.072616	1.1078	6.6227e-06	0.22466	4.743e-322	0.0036822	3.2599e-19	0.066672	4.3358e-07	5.065e-09
1.1765	0.13048	123.22	0.0001924	0.00059434	0.26082	0.0020663	0.018595	1.0137e-11	13.461	0	6.1467e-06	0.024326	3.6813e-05	6.0583e-12	0.056181	2.5396	3.0476e-22	6.2363e-07	0.058883	3.34e-81	0.00084525	9.7107	1.3787	0.00044805	0.63655	0.001636	0.078246	1.1462	5.3021e-06	0.22073	5.2865e-322	0.0031279	5.735e-19	0.07455	4.7054e-07	5.6037e-09
1.2941	0.12214	117.5	0.00019193	0.00059337	0.2478	0.0014195	0.019665	1.0763e-11	12.91	0	6.4766e-06	0.024452	4.0692e-05	3.3922e-12	0.062253	2.7093	3.2731e-22	6.8103e-07	0.063206	7.274e-80	0.00090782	9.4451	1.3796	0.00048916	0.6836	0.0016791	0.084037	1.1822	4.6342e-06	0.21894	5.83e-322	0.0026663	1.0081e-18	0.082472	5.0833e-07	6.1774e-09
1.4118	0.11468	112.42	0.00019144	0.00059224	0.23517	0.00097687	0.020675	1.1349e-11	12.419	0	7.2913e-06	0.024559	4.4587e-05	1.8982e-12	0.06841	2.8797	3.5043e-22	7.3712e-07	0.06763	1.5908e-78	0.00097195	9.2174	1.3798	0.00053251	0.73182	0.0017176	0.089972	1.2164	4.2879e-06	0.21847	6.324e-322	0.0022776	1.771e-18	0.090436	5.4692e-07	6.7883e-09
1.5294	0.10794	107.86	0.00019093	0.00059102	0.22295	0.00067071	0.021627	1.19e-11	11.971	0	8.0255e-06	0.02465	4.8497e-05	1.0616e-12	0.074656	3.0499	3.7406e-22	7.919e-07	0.072142	3.49e-77	0.0010375	9.0179	1.3794	0.00057809	0.78108	0.0017527	0.096036	1.2495	4.1024e-06	0.21882	6.8675e-322	0.0019476	3.1095e-18	0.098444	5.8623e-07	7.4384e-09
1.6471	0.10182	103.72	0.00019042	0.00058977	0.21116	0.00046192	0.022525	1.2418e-11	11.558	0	8.5266e-06	0.024728	5.2423e-05	5.9353e-13	0.080997	3.2192	3.9814e-22	8.4539e-07	0.076731	7.6755e-76	0.0011043	8.8405	1.3786	0.00062594	0.83127	0.0017851	0.10222	1.2817	3.9988e-06	0.2197	7.3616e-322	0.0016658	5.4577e-18	0.1065	6.2619e-07	8.13e-09
1.7647	0.096234	99.945	0.00018993	0.0005885	0.19982	0.00032103	0.023373	1.2906e-11	11.174	0	9.1556e-06	0.024793	5.6368e-05	3.3172e-13	0.087436	3.3868	4.2261e-22	8.9767e-07	0.081386	1.6913e-74	0.0011722	8.6811	1.3775	0.00067607	0.88228	0.0018153	0.1085	1.3134	3.9384e-06	0.22093	7.9051e-322	0.0014241	9.5761e-18	0.1146	6.6675e-07	8.8655e-09
1.8824	0.091125	96.474	0.00018945	0.00058726	0.18892	0.00022648	0.024173	1.3365e-11	10.815	0	9.794e-06	0.024847	6.0331e-05	1.8535e-13	0.093981	3.5522	4.4743e-22	9.4883e-07	0.086099	3.7324e-73	0.001241	8.5373	1.3761	0.00072852	0.93401	0.0018436	0.11487	1.3445	3.9019e-06	0.22241	8.4979e-322	0.0012164	1.6798e-17	0.12275	7.0784e-07	9.6476e-09
2	0.086431	93.267	0.000189	0.00058605	0.17846	0.00016285	0.024927	1.3799e-11	10.479	0	1.0295e-05	0.024892	6.4315e-05	1.0355e-13	0.10064	3.7146	4.7257e-22	9.9897e-07	0.09086	8.2462e-72	0.0013107	8.4077	1.3746	0.00078331	0.98638	0.0018701	0.12132	1.3753	3.8798e-06	0.22407	9.0414e-322	0.0010377	2.9461e-17	0.13095	7.4939e-07	1.0479e-08
2.1176	0.082107	90.29	0.00018857	0.00058489	0.16844	0.00012004	0.025639	1.4208e-11	10.165	0	1.0839e-05	0.024929	6.8321e-05	5.7839e-14	0.10741	3.8735	4.9797e-22	1.0482e-06	0.095661	1.8235e-70	0.0013812	8.2912	1.3729	0.00084047	1.0393	0.0018951	0.12784	1.4058	3.8671e-06	0.22587	9.5355e-322	0.00088387	5.1661e-17	0.13921	7.9136e-07	1.1362e-08
2.2353	0.078114	87.515	0.00018817	0.00058378	0.15884	9.2346e-05	0.026311	1.4593e-11	9.871	0	1.1496e-05	0.024957	7.235e-05	3.2303e-14	0.11429	4.0285	5.2361e-22	1.0967e-06	0.1005	4.0354e-69	0.0014523	8.1869	1.3712	0.00090003	1.0927	0.0019185	0.13442	1.4361	3.8611e-06	0.22779	1.0079e-321	0.00075148	9.058e-17	0.14753	8.3369e-07	1.2302e-08
2.3529	0.074421	84.921	0.0001878	0.00058273	0.14965	7.2643e-05	0.026945	1.4957e-11	9.5971	0	1.23e-05	0.024978	7.6403e-05	1.8039e-14	0.1213	4.1791	5.4946e-22	1.1445e-06	0.10536	8.9353e-68	0.001524	8.0942	1.3695	0.00096203	1.1465	0.0019406	0.14105	1.4663	3.8602e-06	0.22982	1.0573e-321	0.00063767	1.588e-16	0.15591	8.7633e-07	1.33e-08
2.4706	0.071004	82.492	0.00018745	0.00058174	0.14086	5.8272e-05	0.027543	1.53e-11	9.3418	0	1.3268e-05	0.024992	8.0482e-05	1.0073e-14	0.12844	4.3247	5.7549e-22	1.1917e-06	0.11024	1.9793e-66	0.0015963	8.0123	1.3677	0.0010265	1.2007	0.0019614	0.14773	1.4963	3.8637e-06	0.23193	1.1067e-321	0.00053997	2.7838e-16	0.16436	9.1926e-07	1.436e-08
2.5882	0.067843	80.216	0.00018712	0.0005808	0.13245	4.7444e-05	0.028107	1.5623e-11	9.104	0	1.4414e-05	0.025	8.4588e-05	5.6245e-15	0.13571	4.4651	6.0168e-22	1.2384e-06	0.11514	4.3861e-65	0.0016689	7.9404	1.366	0.0010935	1.2552	0.0019809	0.15445	1.5262	3.8708e-06	0.23413	1.166e-321	0.00045626	4.8799e-16	0.17287	9.6242e-07	1.5487e-08
2.7059	0.064922	78.082	0.00018682	0.00057992	0.12442	3.8963e-05	0.028638	1.5928e-11	8.8825	0	1.5752e-05	0.025002	8.8722e-05	3.1404e-15	0.14311	4.5998	6.28e-22	1.2847e-06	0.12005	9.7222e-64	0.0017419	7.8776	1.3642	0.001163	1.31	0.0019994	0.1612	1.556	3.881e-06	0.2364	1.2105e-321	0.00038467	8.5537e-16	0.18145	1.0058e-06	1.6685e-08
2.8235	0.062227	76.082	0.00018654	0.00057909	0.11675	3.2044e-05	0.029139	1.6215e-11	8.6759	0	1.7304e-05	0.024998	9.2884e-05	1.7533e-15	0.15065	4.7286	6.5445e-22	1.3307e-06	0.12497	2.1555e-62	0.0018153	7.8231	1.3625	0.0012351	1.3651	0.0020169	0.16798	1.5857	3.8939e-06	0.23873	1.2599e-321	0.0003236	1.4993e-15	0.1901	1.0494e-06	1.7958e-08
2.9412	0.059745	74.21	0.00018628	0.00057831	0.10943	2.6196e-05	0.029609	1.6485e-11	8.4826	0	1.9103e-05	0.024988	9.7075e-05	9.7889e-16	0.15833	4.851	6.81e-22	1.3764e-06	0.1299	4.7796e-61	0.001889	7.7757	1.3609	0.0013098	1.4203	0.0020335	0.17479	1.6154	3.909e-06	0.24112	1.3043e-321	0.00027161	2.6278e-15	0.19882	1.0931e-06	1.9312e-08
3.0588	0.057464	72.457	0.00018604	0.00057757	0.10245	2.1155e-05	0.030052	1.6738e-11	8.3012	0	2.119e-05	0.024974	0.0001013	5.465e-16	0.16615	4.9669	7.0764e-22	1.4217e-06	0.13482	1.06e-59	0.0019629	7.7346	1.3592	0.0013871	1.4757	0.0020494	0.18162	1.6451	3.9261e-06	0.24354	1.3636e-321	0.00022749	4.6057e-15	0.20761	1.1369e-06	2.075e-08
3.1765	0.055372	70.819	0.00018582	0.00057688	0.09579	1.6841e-05	0.030467	1.6976e-11	8.1302	0	2.3621e-05	0.024954	0.00010555	3.051e-16	0.17411	5.076	7.3436e-22	1.4668e-06	0.13975	2.351e-58	0.002037	7.6987	1.3576	0.0014671	1.5313	0.0020648	0.18847	1.6748	3.9446e-06	0.246	1.413e-321	0.00019013	8.0722e-15	0.21649	1.1809e-06	2.2278e-08
3.2941	0.053457	69.288	0.00018561	0.00057621	0.089446	1.3317e-05	0.030856	1.7199e-11	7.9681	0	2.6466e-05	0.02493	0.00010983	1.7033e-16	0.18221	5.1779	7.6115e-22	1.5116e-06	0.14467	5.0669e-57	0.0021114	7.6671	1.3561	0.0015497	1.587	0.0020796	0.19534	1.7045	3.9642e-06	0.24848	1.4624e-321	0.00015859	1.4147e-14	0.22543	1.225e-06	2.3903e-08
3.4118	0.051707	67.858	0.00018541	0.00057559	0.083406	1.0554e-05	0.03122	1.7408e-11	7.8135	0	2.982e-05	0.024902	0.00011415	9.5088e-17	0.19046	5.2726	7.88e-22	1.556e-06	0.14959	1.0036e-55	0.0021859	7.639	1.3546	0.0016351	1.6429	0.0020942	0.20223	1.7342	3.9845e-06	0.25096	1.5118e-321	0.00013204	2.4795e-14	0.23446	1.2691e-06	2.563e-08
3.5294	0.05011	66.522	0.00018522	0.00057499	0.077659	8.2105e-06	0.03156	1.7603e-11	7.6653	0	3.3804e-05	0.024869	0.0001185	5.3083e-17	0.19885	5.3598	8.1491e-22	1.6002e-06	0.15449	1.7877e-54	0.0022605	7.6135	1.3532	0.0017232	1.6988	0.0021085	0.20913	1.7639	4.0053e-06	0.25345	1.5662e-321	0.00010977	4.3455e-14	0.24356	1.3133e-06	2.7465e-08
3.6471	0.048653	65.273	0.00018504	0.00057442	0.072197	5.9338e-06	0.031876	1.7784e-11	7.5222	0	3.858e-05	0.024833	0.00012288	2.9634e-17	0.20739	5.4394	8.4186e-22	1.6439e-06	0.1594	2.8941e-53	0.0023353	7.59	1.3518	0.0018141	1.7548	0.0021227	0.21604	1.7937	4.0261e-06	0.25592	1.6205e-321	9.1148e-05	7.6159e-14	0.25275	1.3576e-06	2.9416e-08
3.7647	0.047326	64.105	0.00018488	0.00057387	0.06701	3.5251e-06	0.03217	1.7953e-11	7.3834	0	4.4363e-05	0.024793	0.00012729	1.6543e-17	0.21608	5.5112	8.6886e-22	1.6873e-06	0.16429	4.2911e-52	0.0024102	7.5678	1.3504	0.0019076	1.8109	0.0021369	0.22295	1.8235	4.0468e-06	0.25837	1.6749e-321	7.5626e-05	1.3347e-13	0.26201	1.402e-06	3.1488e-08
3.8824	0.046116	63.011	0.00018472	0.00057335	0.06209	2.0941e-06	0.032442	1.8109e-11	7.248	0	5.1442e-05	0.024749	0.00013174	9.2352e-18	0.22491	5.5751	8.9589e-22	1.7303e-06	0.16917	5.8606e-51	0.0024853	7.5466	1.3492	0.002004	1.8671	0.0021511	0.22988	1.8533	4.0671e-06	0.26079	1.7292e-321	6.2735e-05	2.3392e-13	0.27136	1.4464e-06	3.3691e-08
4	0.045012	61.985	0.00018456	0.00057284	0.057428	1.244e-06	0.032693	1.8253e-11	7.1152	0	6.0206e-05	0.024702	0.00013622	5.1555e-18	0.23389	5.631	9.2296e-22	1.7728e-06	0.17403	7.4585e-50	0.0025604	7.5257	1.3479	0.0021031	1.9234	0.0021655	0.23682	1.8832	4.0867e-06	0.26316	1.7836e-321	5.2069e-05	4.0996e-13	0.28078	1.4909e-06	3.6031e-08
4.1176	0.044005	61.02	0.00018442	0.00057235	0.053017	7.3904e-07	0.032923	1.8386e-11	6.9845	0	7.1182e-05	0.024651	0.00014073	2.878e-18	0.24301	5.6789	9.5006e-22	1.8147e-06	0.17888	9.0061e-49	0.0026356	7.505	1.3467	0.002205	1.9797	0.0021801	0.24376	1.9132	4.1054e-06	0.26549	1.8429e-321	4.3279e-05	7.1847e-13	0.29029	1.5353e-06	3.8517e-08
4.2353	0.043083	60.112	0.00018428	0.00057187	0.04885	4.3903e-07	0.033133	1.8507e-11	6.8553	0	8.507e-05	0.024598	0.00014528	1.6066e-18	0.25228	5.7188	9.7718e-22	1.8562e-06	0.18372	1.0378e-47	0.0027109	7.4842	1.3456	0.0023096	2.036	0.0021951	0.25071	1.9432	4.1231e-06	0.26776	1.8972e-321	3.6065e-05	1.2591e-12	0.29989	1.5799e-06	4.1158e-08
4.3529	0.042239	59.254	0.00018414	0.00057141	0.044918	2.6081e-07	0.033324	1.8617e-11	6.7274	0	0.00010281	0.024543	0.00014986	8.969e-19	0.26169	5.7505	1.0043e-21	1.8971e-06	0.18855	1.1345e-46	0.0027862	7.4631	1.3445	0.0024169	2.0924	0.0022103	0.25767	1.9733	4.1395e-06	0.26996	1.9565e-321	3.017e-05	2.2067e-12	0.30956	1.6244e-06	4.3964e-08
4.4706	0.041462	58.441	0.00018401	0.00057097	0.041215	1.5494e-07	0.033497	1.8717e-11	6.6002	0	0.00012563	0.024485	0.00015448	5.0069e-19	0.27123	5.7741	1.0315e-21	1.9374e-06	0.19335	1.171e-45	0.0028617	7.4417	1.3434	0.002527	2.1489	0.002226	0.26463	2.0034	4.1546e-06	0.2721	2.0158e-321	2.5375e-05	3.8673e-12	0.31933	1.6689e-06	4.6943e-08
4.5882	0.040747	57.669	0.00018389	0.00057053	0.037734	9.2041e-08	0.033651	1.8807e-11	6.4735	0	0.00015513	0.024425	0.00015913	2.795e-19	0.28091	5.7897	1.0587e-21	1.9771e-06	0.19814	1.1367e-44	0.0029371	7.4198	1.3424	0.0026398	2.2053	0.0022421	0.27159	2.0336	4.1681e-06	0.27415	2.0751e-321	2.1496e-05	6.7776e-12	0.32917	1.7135e-06	5.0106e-08
4.7059	0.040085	56.934	0.00018377	0.00057011	0.034468	5.4678e-08	0.033787	1.8886e-11	6.347	0	0.00019337	0.024362	0.00016381	1.5603e-19	0.29072	5.7973	1.0859e-21	2.0161e-06	0.20291	1.0341e-43	0.0030127	7.3975	1.3414	0.0027553	2.2618	0.0022588	0.27855	2.0639	4.1799e-06	0.27611	2.1344e-321	1.8374e-05	1.1878e-11	0.3391	1.7581e-06	5.3465e-08
4.8235	0.039469	56.231	0.00018365	0.0005697	0.031411	3.2481e-08	0.033907	1.8957e-11	6.2205	0	0.00024294	0.024298	0.00016853	8.7103e-20	0.30066	5.7969	1.1131e-21	2.0544e-06	0.20767	8.7927e-43	0.0030882	7.3747	1.3404	0.0028734	2.3183	0.002276	0.28552	2.0943	4.1899e-06	0.27799	2.1937e-321	1.5879e-05	2.0816e-11	0.34911	1.8027e-06	5.703e-08
4.9412	0.038895	55.557	0.00018354	0.0005693	0.028555	1.9296e-08	0.03401	1.9018e-11	6.0938	0	0.00030702	0.024233	0.00017328	4.8624e-20	0.31072	5.7886	1.1403e-21	2.092e-06	0.21241	6.9709e-42	0.0031638	7.3515	1.3395	0.0029942	2.3748	0.0022938	0.29249	2.1247	4.198e-06	0.27975	2.2529e-321	1.3898e-05	3.6481e-11	0.35921	1.8473e-06	6.0813e-08
5.0588	0.038357	54.908	0.00018344	0.00056891	0.025894	1.1463e-08	0.034098	1.907e-11	5.9664	0	0.00038951	0.024166	0.00017807	2.7145e-20	0.3209	5.7726	1.1676e-21	2.1288e-06	0.21712	5.1428e-41	0.0032395	7.3279	1.3386	0.0031175	2.4314	0.0023124	0.29947	2.1552	4.2039e-06	0.28141	2.3122e-321	1.2339e-05	6.3935e-11	0.3694	1.8919e-06	6.4827e-08
5.1765	0.03785	54.283	0.00018333	0.00056854	0.02342	6.8095e-09	0.03417	1.9114e-11	5.8383	0	0.00049503	0.024098	0.00018289	1.5154e-20	0.3312	5.749	1.1948e-21	2.1648e-06	0.22182	3.5249e-40	0.0033151	7.3041	1.3378	0.0032434	2.4879	0.0023318	0.30644	2.1858	4.2075e-06	0.28295	2.3715e-321	1.1124e-05	1.1205e-10	0.37967	1.9364e-06	6.9086e-08
5.2941	0.03737	53.678	0.00018324	0.00056817	0.021128	4.0452e-09	0.034228	1.9149e-11	5.709	0	0.00062895	0.024029	0.00018774	8.4613e-21	0.3416	5.7178	1.2221e-21	2.1999e-06	0.2265	2.2416e-39	0.0033908	7.2801	1.337	0.0033718	2.5445	0.002352	0.31342	2.2165	4.2087e-06	0.28436	2.4308e-321	1.019e-05	1.9637e-10	0.39002	1.981e-06	7.3602e-08
5.4118	0.036913	53.091	0.00018314	0.00056781	0.01901	2.4031e-09	0.034271	1.9177e-11	5.5782	0	0.00079739	0.023959	0.00019263	4.7265e-21	0.3521	5.6794	1.2494e-21	2.2341e-06	0.23116	1.3214e-38	0.0034665	7.256	1.3362	0.0035026	2.6011	0.0023732	0.32039	2.2473	4.2072e-06	0.28563	2.4901e-321	9.4824e-06	3.4414e-10	0.40046	2.0256e-06	7.8391e-08
5.5294	0.036476	52.519	0.00018305	0.00056747	0.017059	1.4276e-09	0.034302	1.9198e-11	5.4457	0	0.0010072	0.023888	0.00019755	2.644e-21	0.36269	5.6339	1.2766e-21	2.2674e-06	0.2358	7.2148e-38	0.0035422	7.2318	1.3355	0.0036358	2.6577	0.0023955	0.32737	2.2781	4.2029e-06	0.28676	2.5543e-321	8.9571e-06	6.0311e-10	0.41099	2.0701e-06	8.3467e-08
5.6471	0.036056	51.961	0.00018297	0.00056713	0.015267	8.4805e-10	0.03432	1.9212e-11	5.311	0	0.0012657	0.023817	0.00020251	1.4857e-21	0.37336	5.5814	1.3039e-21	2.2996e-06	0.24041	3.6478e-37	0.003618	7.2077	1.3348	0.0037714	2.7142	0.0024191	0.33434	2.3091	4.1956e-06	0.28772	2.6136e-321	8.5776e-06	1.057e-09	0.42159	2.1147e-06	8.8847e-08
5.7647	0.03565	51.415	0.00018289	0.00056681	0.013628	5.0379e-10	0.034326	1.9219e-11	5.174	0	0.0015807	0.023745	0.00020749	8.4687e-22	0.38411	5.5223	1.3312e-21	2.3307e-06	0.24501	1.7078e-36	0.0036937	7.1837	1.3341	0.0039092	2.7708	0.0024439	0.34132	2.3402	4.1852e-06	0.28852	2.6778e-321	8.3137e-06	1.8524e-09	0.43229	2.1592e-06	9.4547e-08
5.8824	0.035257	50.88	0.00018281	0.0005665	0.012133	2.9928e-10	0.034321	1.922e-11	5.0342	0	0.0019604	0.023674	0.00021251	5.0407e-22	0.39492	5.4567	1.3584e-21	2.3607e-06	0.24959	7.4058e-36	0.0037695	7.1599	1.3334	0.0040493	2.8274	0.0024703	0.34829	2.3714	4.1714e-06	0.28913	2.7371e-321	8.1405e-06	3.2463e-09	0.44307	2.2037e-06	1.0058e-07
6	0.034873	50.354	0.00018273	0.00056619	0.010775	1.7779e-10	0.034306	1.9215e-11	4.8917	0	0.0024127	0.023602	0.00021756	3.375e-22	0.40579	5.3849	1.3857e-21	2.3895e-06	0.25414	2.9768e-35	0.0038452	7.1364	1.3328	0.0041914	2.8839	0.0024983	0.35526	2.4026	4.1541e-06	0.28956	2.8014e-321	8.0371e-06	5.6893e-09	0.45393	2.2482e-06	1.0698e-07
6.1176	0.034497	49.836	0.00018266	0.0005659	0.0095455	1.0561e-10	0.034281	1.9204e-11	4.7461	0	0.0029456	0.02353	0.00022265	2.8892e-22	0.4167	5.3071	1.413e-21	2.4171e-06	0.25868	1.1102e-34	0.0039209	7.1131	1.3322	0.0043357	2.9405	0.0025281	0.36223	2.434	4.1333e-06	0.28979	2.8656e-321	7.9864e-06	9.9706e-09	0.46488	2.2927e-06	1.1374e-07
6.2353	0.034128	49.326	0.00018259	0.00056561	0.0084373	6.2741e-11	0.034247	1.9189e-11	4.5974	0	0.0035663	0.023459	0.00022777	3.4134e-22	0.42765	5.2237	1.4402e-21	2.4435e-06	0.26319	3.8475e-34	0.0039967	7.0903	1.3316	0.0044819	2.997	0.0025598	0.3692	2.4655	4.1087e-06	0.28981	2.9249e-321	7.9741e-06	1.7474e-08	0.47591	2.3371e-06	1.209e-07
6.3529	0.033764	48.821	0.00018253	0.00056534	0.0074419	3.7272e-11	0.034206	1.9169e-11	4.4458	0	0.0042816	0.023387	0.00023292	5.1311e-22	0.43861	5.135	1.4675e-21	2.4686e-06	0.26769	1.2411e-33	0.0040724	7.0679	1.331	0.0046301	3.0535	0.0025937	0.37616	2.4972	4.0803e-06	0.28962	2.9891e-321	7.9883e-06	3.0623e-08	0.48703	2.3815e-06	1.2847e-07
6.4706	0.033405	48.321	0.00018246	0.00056507	0.0065512	2.2141e-11	0.034156	1.9145e-11	4.2914	0	0.0050971	0.023316	0.0002381	8.6427e-22	0.44958	5.0412	1.4947e-21	2.4924e-06	0.27216	3.7339e-33	0.0041481	7.0459	1.3305	0.00478	3.11	0.0026299	0.38312	2.5289	4.0481e-06	0.28919	3.0533e-321	8.0191e-06	5.3668e-08	0.49823	2.4258e-06	1.3647e-07
6.5882	0.03305	47.827	0.0001824	0.00056481	0.0057573	1.3153e-11	0.034101	1.9118e-11	4.1344	0	0.0060174	0.023246	0.00024331	1.5176e-21	0.46055	4.9426	1.522e-21	2.5149e-06	0.27661	1.0503e-32	0.0042238	7.0244	1.33	0.0049317	3.1665	0.0026685	0.39008	2.5608	4.012e-06	0.28853	3.1126e-321	8.0582e-06	9.4055e-08	0.50951	2.4702e-06	1.4493e-07
6.7059	0.032697	47.336	0.00018234	0.00056455	0.0050521	7.8137e-12	0.034039	1.9087e-11	3.9752	0	0.0070458	0.023175	0.00024855	2.7016e-21	0.47151	4.8396	1.5492e-21	2.5362e-06	0.28104	2.7694e-32	0.0042994	7.0035	1.3295	0.0050851	3.2229	0.0027098	0.39704	2.5928	3.9721e-06	0.28763	3.1768e-321	8.0989e-06	1.6483e-07	0.52088	2.5145e-06	1.5387e-07
6.8235	0.032347	46.85	0.00018228	0.00056431	0.0044277	4.6417e-12	0.033973	1.9053e-11	3.8143	0	0.0081844	0.023106	0.00025383	4.8301e-21	0.48243	4.7325	1.5764e-21	2.5562e-06	0.28545	6.8654e-32	0.0043751	6.9831	1.329	0.00524	3.2794	0.0027539	0.40399	2.6249	3.9285e-06	0.28649	3.2361e-321	8.1355e-06	2.8887e-07	0.53232	2.5587e-06	1.633e-07
6.9412	0.031998	46.367	0.00018222	0.00056407	0.0038767	2.7574e-12	0.033902	1.9016e-11	3.6521	0	0.0094344	0.023037	0.00025913	8.6474e-21	0.49331	4.6216	1.6036e-21	2.5751e-06	0.28983	1.605e-31	0.0044507	6.9633	1.3286	0.0053964	3.3357	0.0028011	0.41093	2.6571	3.8812e-06	0.28509	3.2954e-321	8.1638e-06	5.0626e-07	0.54385	2.6029e-06	1.7326e-07
7.0588	0.031652	45.887	0.00018217	0.00056383	0.0033935	1.6381e-12	0.033828	1.8977e-11	3.4891	0	0.010794	0.022968	0.00026447	1.5488e-20	0.50414	4.5072	1.6308e-21	2.5929e-06	0.2942	3.5497e-31	0.0045262	6.9441	1.3281	0.0055542	3.3921	0.0028516	0.41787	2.6895	3.8303e-06	0.28343	3.3547e-321	8.1802e-06	8.8723e-07	0.55547	2.6471e-06	1.8376e-07
7.1765	0.031307	45.411	0.00018211	0.0005636	0.0029679	9.731e-13	0.03375	1.8937e-11	3.326	0	0.012263	0.0229	0.00026983	2.7744e-20	0.5149	4.3897	1.658e-21	2.6095e-06	0.29855	7.4508e-31	0.0046018	6.9255	1.3277	0.0057132	3.4484	0.0029056	0.42481	2.722	3.776e-06	0.2815	3.414e-321	8.1823e-06	1.5549e-06	0.56716	2.6912e-06	1.9483e-07
7.2941	0.030965	44.938	0.00018205	0.00056337	0.0025976	5.7808e-13	0.033669	1.8894e-11	3.1632	0	0.013836	0.022833	0.00027523	4.9701e-20	0.52559	4.2694	1.6851e-21	2.6252e-06	0.30287	1.489e-30	0.0046772	6.9075	1.3273	0.0058734	3.5047	0.0029634	0.43174	2.7546	3.7185e-06	0.27931	3.4782e-321	8.1681e-06	2.725e-06	0.57894	2.7352e-06	2.0649e-07
7.4118	0.030624	44.468	0.00018199	0.00056315	0.0022643	3.4341e-13	0.033587	1.8851e-11	3.0013	0	0.015514	0.022767	0.00028065	8.9035e-20	0.53619	4.1466	1.7122e-21	2.64e-06	0.30718	2.8418e-30	0.0047527	6.8901	1.327	0.0060346	3.5609	0.0030253	0.43866	2.7874	3.6579e-06	0.27685	3.5375e-321	8.1368e-06	4.7756e-06	0.59079	2.7792e-06	2.1878e-07
7.5294	0.030286	44.002	0.00018193	0.00056293	0.00198	2.04e-13	0.033504	1.8806e-11	2.8409	0	0.017282	0.022701	0.00028611	1.595e-19	0.54668	4.0217	1.7394e-21	2.654e-06	0.31146	5.1956e-30	0.0048281	6.8733	1.3266	0.0061969	3.6171	0.0030915	0.44558	2.8202	3.5944e-06	0.27412	3.6017e-321	8.0876e-06	8.3695e-06	0.60273	2.8231e-06	2.3171e-07
7.6471	0.029951	43.539	0.00018186	0.00056271	0.0017219	1.2119e-13	0.033418	1.876e-11	2.6824	0	0.019147	0.022636	0.00029159	2.8573e-19	0.55707	3.8949	1.7664e-21	2.6671e-06	0.31573	9.124e-30	0.0049034	6.8571	1.3262	0.0063599	3.6733	0.0031626	0.45249	2.8532	3.5284e-06	0.27111	3.661e-321	8.0208e-06	3.6366e-06	0.61475	2.867e-06	2.453e-07
7.7647	0.029618	43.08	0.0001818	0.0005625	0.0015104	7.1993e-14	0.033333	1.8714e-11	2.5264	0	0.021089	0.022572	0.0002971	5.1186e-19	0.56734	3.7665	1.7935e-21	2.6797e-06	0.31997	1.5425e-29	0.0049787	6.8414	1.3259	0.0065237	3.7294	0.0032388	0.4594	2.8863	3.4599e-06	0.26782	3.7203e-321	7.9365e-06	1.7552e-05	0.62684	2.9108e-06	2.5959e-07
7.8824	0.029288	42.625	0.00018173	0.00056229	0.0013051	4.2768e-14	0.033247	1.8668e-11	2.3734	0	0.023112	0.022508	0.00030264	9.1696e-19	0.57748	3.637	1.8206e-21	2.6917e-06	0.3242	2.5155e-29	0.0050539	6.8264	1.3256	0.0066882	3.7854	0.0033206	0.46629	2.9196	3.3894e-06	0.26426	3.7796e-321	7.8354e-06	1.3352e-05	0.63902	2.9546e-06	2.746e-07
8	0.028962	42.174	0.00018166	0.00056207	0.0011384	2.5406e-14	0.033162	1.8622e-11	2.2237	0	0.025199	0.022445	0.00030821	1.6427e-18	0.58747	3.5066	1.8476e-21	2.7032e-06	0.3284	3.9704e-29	0.0051291	6.8119	1.3253	0.0068532	3.8414	0.0034085	0.47318	2.9529	3.317e-06	0.26043	3.8389e-321	7.7187e-06	2.7037e-05	0.65127	2.9983e-06	2.9036e-07
8.1176	0.02864	41.727	0.00018159	0.00056186	0.00098287	1.5093e-14	0.033077	1.8575e-11	2.0779	0	0.027344	0.022383	0.0003138	2.9427e-18	0.59732	3.3756	1.8746e-21	2.7144e-06	0.33259	6.072e-29	0.0052042	6.7979	1.325	0.0070186	3.8974	0.003503	0.48006	2.9863	3.2432e-06	0.25633	3.8932e-321	7.5874e-06	3.5339e-05	0.6636	3.0419e-06	3.0688e-07
8.2353	0.028321	41.285	0.00018152	0.00056165	0.00084529	8.9659e-15	0.032992	1.8529e-11	1.9362	0	0.029538	0.022322	0.00031942	5.2716e-18	0.60701	3.2444	1.9015e-21	2.7253e-06	0.33675	9.0142e-29	0.0052792	6.7845	1.3247	0.0071842	3.9532	0.0036047	0.48694	3.0198	3.1684e-06	0.25197	3.9525e-321	7.4427e-06	4.8699e-05	0.67601	3.0855e-06	3.242e-07
8.3529	0.028005	40.846	0.00018144	0.00056144	0.00072263	5.3262e-15	0.032908	1.8483e-11	1.7992	0	0.031769	0.022261	0.00032507	9.4437e-18	0.61653	3.1132	1.9285e-21	2.7361e-06	0.3409	1.3008e-28	0.0053541	6.7716	1.3245	0.0073501	4.009	0.0037142	0.4938	3.0535	3.0928e-06	0.24736	4.0118e-321	7.286e-06	6.696e-05	0.6885	3.1289e-06	3.4234e-07
8.4706	0.027694	40.412	0.00018136	0.00056123	0.0006131	3.1641e-15	0.032825	1.8438e-11	1.6673	0	0.034027	0.022201	0.00033074	1.6918e-17	0.62587	2.9824	1.9554e-21	2.7469e-06	0.34503	1.8269e-28	0.005429	6.7591	1.3242	0.0075161	4.0648	0.003832	0.50066	3.0871	3.017e-06	0.24251	4.0711e-321	7.1187e-06	9.1195e-05	0.70106	3.1723e-06	3.6133e-07
8.5882	0.027387	39.982	0.00018128	0.00056102	0.0005186	1.8796e-15	0.032744	1.8393e-11	1.5408	0	0.036301	0.022142	0.00033644	3.0307e-17	0.63504	2.8523	1.9822e-21	2.7578e-06	0.34914	2.4992e-28	0.0055037	6.7472	1.324	0.007682	4.1205	0.0039588	0.5075	3.1209	2.9415e-06	0.23745	4.1304e-321	6.9419e-06	0.00012579	0.7137	3.2156e-06	3.8118e-07
8.7059	0.027084	39.556	0.00018119	0.00056081	0.00043501	1.1166e-15	0.032664	1.8349e-11	1.4203	0	0.03858	0.022084	0.00034216	5.4292e-17	0.64401	2.7232	2.0091e-21	2.7689e-06	0.35323	3.3337e-28	0.0055784	6.7357	1.3238	0.0078477	4.1761	0.004095	0.51434	3.1546	2.8667e-06	0.2322	4.1897e-321	6.7572e-06	0.00016929	0.72641	3.2589e-06	4.0192e-07
8.8235	0.026785	39.134	0.0001811	0.0005606	0.00036177	6.6332e-16	0.032585	1.8306e-11	1.3061	0	0.040853	0.022026	0.00034791	9.726e-17	0.65279	2.5953	2.0359e-21	2.7803e-06	0.3573	4.3399e-28	0.005653	6.7246	1.3235	0.0080132	4.2316	0.0042412	0.52116	3.1884	2.7931e-06	0.22677	4.244e-321	6.5656e-06	0.00022339	0.7392	3.302e-06	4.2358e-07
8.9412	0.02649	38.717	0.00018101	0.00056039	0.00029815	3.9405e-16	0.032509	1.8263e-11	1.1986	0	0.043109	0.021969	0.00035369	1.7423e-16	0.66136	2.4689	2.0626e-21	2.7921e-06	0.36136	5.5191e-28	0.0057275	6.714	1.3233	0.0081783	4.287	0.0043979	0.52798	3.2222	2.7213e-06	0.2212	4.3033e-321	6.3687e-06	0.00028927	0.75206	3.3451e-06	4.4617e-07
9.0588	0.026199	38.304	0.00018091	0.00056017	0.00024318	2.3409e-16	0.032434	1.8222e-11	1.098	0	0.045337	0.021912	0.00035949	3.1212e-16	0.66972	2.3443	2.0893e-21	2.8045e-06	0.36539	6.8642e-28	0.0058019	6.7037	1.3231	0.0083429	4.3424	0.0045653	0.53478	3.256	2.6516e-06	0.21552	4.3577e-321	6.1676e-06	0.00036753	0.765	3.3881e-06	4.6972e-07
9.1765	0.025912	37.895	0.00018082	0.00055996	0.00019567	1.3906e-16	0.03236	1.8181e-11	1.0045	0	0.047529	0.021856	0.00036531	5.5915e-16	0.67786	2.2218	2.116e-21	2.8175e-06	0.36941	8.3594e-28	0.0058762	6.6938	1.323	0.008507	4.3977	0.0047436	0.54157	3.2897	2.5846e-06	0.20976	4.412e-321	5.9635e-06	0.00045809	0.77801	3.4309e-06	4.9424e-07
9.2941	0.025628	37.489	0.00018071	0.00055975	0.00015408	8.2609e-17	0.032289	1.8141e-11	0.91825	0	0.049676	0.021801	0.00037116	1.0017e-15	0.68578	2.1015	2.1427e-21	2.8312e-06	0.37341	9.9823e-28	0.0059504	6.6843	1.3228	0.0086703	4.4529	0.0049331	0.54836	3.3233	2.5207e-06	0.20395	4.4713e-321	5.7578e-06	0.00056008	0.7911	3.4737e-06	5.1975e-07
9.4118	0.025348	37.088	0.00018061	0.00055953	0.00012112	4.9074e-17	0.03222	1.8103e-11	0.83914	0	0.051773	0.021746	0.00037703	1.7944e-15	0.69348	1.9837	2.1693e-21	2.8456e-06	0.37739	1.1705e-27	0.0060245	6.6751	1.3226	0.0088327	4.508	0.0051336	0.55512	3.3569	2.46e-06	0.19813	4.5256e-321	5.5515e-06	0.00067574	0.80425	3.5164e-06	5.4627e-07
9.5294	0.025072	36.691	0.0001805	0.00055931	9.5668e-05	2.9153e-17	0.032152	1.8065e-11	0.76688	0	0.053815	0.021692	0.00038292	3.2145e-15	0.70095	1.8685	2.1958e-21	2.8607e-06	0.38135	1.3511e-27	0.0060985	6.6662	1.3225	0.0089943	4.563	0.0053454	0.56188	3.3903	2.4028e-06	0.19231	4.58e-321	5.3458e-06	0.00080395	0.81748	3.559e-06	5.7382e-07
9.6471	0.0248	36.297	0.00018039	0.0005591	7.7461e-05	1.7318e-17	0.032086	1.8028e-11	0.70102	0	0.055797	0.021639	0.00038883	5.7586e-15	0.70819	1.7562	2.2223e-21	2.8765e-06	0.38529	1.5389e-27	0.0061724	6.6576	1.3223	0.0091548	4.618	0.0055686	0.56863	3.4236	2.3493e-06	0.18654	4.6393e-321	5.1418e-06	0.00094403	0.83078	3.6015e-06	6.024e-07
9.7647	0.024531	35.907	0.00018028	0.00055888	5.8492e-05	1.0288e-17	0.032023	1.7993e-11	0.64104	0	0.057716	0.021586	0.00039477	1.0316e-14	0.71519	1.6469	2.2488e-21	2.8931e-06	0.38922	1.7335e-27	0.0062461	6.6493	1.3222	0.0093142	4.6728	0.0058037	0.57536	3.4568	2.2996e-06	0.18082	4.6936e-321	4.9406e-06	0.0010874	0.84415	3.6439e-06	6.3205e-07
9.8824	0.024265	35.522	0.00018017	0.00055866	3.2409e-05	6.1116e-18	0.031961	1.7958e-11	0.5866	0	0.05957	0.021534	0.00040073	1.848e-14	0.72196	1.5407	2.2752e-21	2.9103e-06	0.39312	1.9333e-27	0.0063197	6.6413	1.3221	0.0094723	4.7275	0.0060508	0.58207	3.4898	2.2536e-06	0.17516	4.748e-321	4.743e-06	0.001233	0.85759	3.6862e-06	6.6275e-07
10	0.024004	35.14	0.00018005	0.00055844	4.8038e-05	3.6306e-18	0.031901	1.7925e-11	0.53732	0	0.061365	0.021482	0.00040671	3.3106e-14	0.7285	1.4377	2.3016e-21	2.9282e-06	0.39701	2.1372e-27	0.0063932	6.6335	1.3219	0.0096291	4.7821	0.0063101	0.58878	3.5226	2.2111e-06	0.16961	4.7974e-321	4.5496e-06	0.0014089	0.8711	3.7283e-06	6.9454e-07
10.118	0.023745	34.761	0.00017993	0.00055823	1.099e-05	2.1568e-18	0.031843	1.7892e-11	0.4926	0	0.063085	0.021431	0.00041271	5.9307e-14	0.73479	1.3381	2.3279e-21	2.9467e-06	0.40088	2.3467e-27	0.0064665	6.6259	1.3218	0.0097845	4.8367	0.0065816	0.59547	3.5553	2.1722e-06	0.16411	4.8567e-321	4.3611e-06	0.0015259	0.88468	3.7704e-06	7.274e-07
10.235	0.02349	34.387	0.00017981	0.00055801	2.224e-05	1.2813e-18	0.031786	1.786e-11	0.45198	0	0.064752	0.02138	0.00041873	1.0624e-13	0.74086	1.242	2.3541e-21	2.9657e-06	0.40473	2.5623e-27	0.0065397	6.6186	1.3217	0.0099384	4.8911	0.0068673	0.60214	3.5877	2.1366e-06	0.15875	4.916e-321	4.1781e-06	0.0017482	0.89832	3.8124e-06	7.6136e-07
10.353	0.023238	34.016	0.00017969	0.00055779	1.3298e-05	7.6113e-19	0.031732	1.783e-11	0.41492	0	0.066351	0.02133	0.00042477	1.9033e-13	0.74668	1.1494	2.3803e-21	2.9851e-06	0.40857	2.7863e-27	0.0066128	6.6114	1.3216	0.010091	4.9454	0.0071682	0.6088	3.62	2.1043e-06	0.15347	4.9604e-321	4.0009e-06	0.0019268	0.91204	3.8542e-06	7.9642e-07
10.471	0.022989	33.648	0.00017956	0.00055757	7.9507e-06	4.5215e-19	0.031679	1.78e-11	0.38095	0	0.067885	0.02128	0.00043083	3.4096e-13	0.75228	1.0604	2.4065e-21	3.0049e-06	0.41238	3.0206e-27	0.0066857	6.6044	1.3215	0.010241	4.9996	0.007484	0.61545	3.6521	2.0748e-06	0.14827	5.0197e-321	3.8299e-06	0.0020926	0.92582	3.8959e-06	8.3258e-07
10.588	0.022743	33.284	0.00017944	0.00055736	4.7538e-06	2.686e-19	0.031628	1.7771e-11	0.34969	0	0.069362	0.021231	0.00043691	6.108e-13	0.75764	0.9751	2.4326e-21	3.0251e-06	0.41617	3.2673e-27	0.0067585	6.5977	1.3214	0.01039	5.0536	0.0078181	0.62208	3.6839	2.0482e-06	0.14318	5.0741e-321	3.6653e-06	0.0022874	0.93967	3.9375e-06	8.6985e-07
10.706	0.0225	32.924	0.00017931	0.00055714	2.8423e-06	1.5957e-19	0.031578	1.7743e-11	0.32083	0	0.070779	0.021182	0.00044301	1.0942e-12	0.76277	0.89357	2.4586e-21	3.0456e-06	0.41995	3.5276e-27	0.0068312	6.591	1.3214	0.010537	5.1076	0.0081713	0.62869	3.7156	2.0242e-06	0.13818	5.1284e-321	3.5072e-06	0.0024946	0.95359	3.979e-06	9.0823e-07
10.824	0.02226	32.566	0.00017918	0.00055692	1.6994e-06	9.479e-20	0.03153	1.7716e-11	0.29411	0	0.072138	0.021133	0.00044913	1.9602e-12	0.76768	0.81586	2.4846e-21	3.0663e-06	0.42371	3.8027e-27	0.0069036	6.5846	1.3213	0.010682	5.1614	0.0085453	0.63529	3.7471	2.0026e-06	0.13326	5.1827e-321	3.3556e-06	0.0027102	0.96757	4.0203e-06	9.4772e-07
10.941	0.022022	32.212	0.00017905	0.00055671	1.0161e-06	5.6311e-20	0.031483	1.769e-11	0.26934	0	0.073442	0.021085	0.00045526	3.5115e-12	0.77236	0.74201	2.5105e-21	3.0872e-06	0.42745	4.0938e-27	0.0069759	6.5782	1.3212	0.010825	5.2151	0.008942	0.64187	3.7784	1.9834e-06	0.12844	5.2322e-321	3.2107e-06	0.0029364	0.98161	4.0616e-06	9.8832e-07
11.059	0.021787	31.861	0.00017892	0.0005565	6.0752e-07	3.3452e-20	0.031438	1.7665e-11	0.24633	0	0.07469	0.021038	0.00046142	6.2906e-12	0.77682	0.67206	2.5363e-21	3.1083e-06	0.43116	4.4019e-27	0.0070481	6.572	1.3212	0.010966	5.2687	0.009363	0.64843	3.8095	1.9664e-06	0.1237	5.2816e-321	3.0723e-06	0.0031739	0.99572	4.1027e-06	1.03e-06
11.176	0.021554	31.512	0.00017879	0.00055629	3.6324e-07	1.9872e-20	0.031394	1.764e-11	0.22493	0	0.075884	0.02099	0.00046759	1.1269e-11	0.78107	0.60603	2.5621e-21	3.1295e-06	0.43486	4.7279e-27	0.0071201	6.566	1.3211	0.011105	5.3221	0.0098102	0.65498	3.8404	1.9515e-06	0.11906	5.3359e-321	2.9403e-06	0.0034231	1.0099	4.1436e-06	1.0728e-06
11.294	0.021323	31.167	0.00017866	0.00055608	2.1718e-07	1.1805e-20	0.031352	1.7616e-11	0.20503	0	0.077026	0.020944	0.00047378	2.0188e-11	0.7851	0.54395	2.5878e-21	3.1509e-06	0.43854	5.0727e-27	0.0071919	6.56	1.321	0.011241	5.3754	0.010285	0.66151	3.871	1.9386e-06	0.11451	5.3903e-321	2.8146e-06	0.0036836	1.0241	4.1845e-06	1.1168e-06
11.412	0.021094	30.825	0.00017853	0.00055587	1.2985e-07	7.0128e-21	0.031311	1.7594e-11	0.18653	0	0.078116	0.020897	0.00047999	3.6165e-11	0.78892	0.48583	2.6135e-21	3.1724e-06	0.4422	5.4371e-27	0.0072635	6.5541	1.321	0.011376	5.4286	0.01079	0.66802	3.9015	1.9276e-06	0.11006	5.4397e-321	2.695e-06	0.0039546	1.0384	4.2252e-06	1.1618e-06
11.529	0.020867	30.485	0.0001784	0.00055567	7.764e-08	4.166e-21	0.031272	1.7571e-11	0.16933	0	0.079156	0.020851	0.00048621	6.4786e-11	0.79254	0.43165	2.639e-21	3.194e-06	0.44584	5.8219e-27	0.007335	6.5484	1.321	0.011508	5.4816	0.011326	0.67451	3.9317	1.9184e-06	0.10572	5.4891e-321	2.5814e-06	0.0042349	1.0528	4.2657e-06	1.2079e-06
11.647	0.020641	30.148	0.00017827	0.00055547	4.6421e-08	2.4748e-21	0.031233	1.755e-11	0.15337	0	0.080147	0.020805	0.00049245	1.1606e-10	0.79596	0.38139	2.6645e-21	3.2157e-06	0.44946	6.2278e-27	0.0074062	6.5427	1.3209	0.011638	5.5345	0.011894	0.68099	3.9617	1.911e-06	0.1015	5.5385e-321	2.4736e-06	0.0045225	1.0672	4.3061e-06	1.2551e-06
11.765	0.020418	29.814	0.00017814	0.00055527	2.7756e-08	1.4702e-21	0.031196	1.7529e-11	0.13858	0	0.081091	0.02076	0.0004987	2.0791e-10	0.79918	0.33502	2.69e-21	3.2374e-06	0.45306	6.6557e-27	0.0074773	6.5371	1.3209	0.011765	5.5872	0.012496	0.68744	3.9914	1.9053e-06	0.097403	5.5879e-321	2.3713e-06	0.0048149	1.0817	4.3464e-06	1.3035e-06
11.882	0.020196	29.482	0.00017801	0.00055507	1.6595e-08	8.7337e-22	0.03116	1.7509e-11	0.1249	0	0.081988	0.020715	0.00050497	3.7246e-10	0.80223	0.29249	2.7153e-21	3.2593e-06	0.45665	7.1063e-27	0.0075482	6.5316	1.3209	0.011891	5.6398	0.013132	0.69388	4.0209	1.9012e-06	0.093438	5.6373e-321	2.2744e-06	0.0051089	1.0963	4.3866e-06	1.3529e-06
12	0.019975	29.152	0.00017788	0.00055488	9.9223e-09	5.1883e-22	0.031126	1.7489e-11	0.11228	0	0.082841	0.02067	0.00051125	6.6723e-10	0.80509	0.25371	2.7406e-21	3.2812e-06	0.46021	7.5804e-27	0.0076189	6.5261	1.3208	0.012014	5.6923	0.013803	0.70029	4.0501	1.8986e-06	0.089616	5.6867e-321	2.1826e-06	0.0054004	1.1109	4.4265e-06	1.4034e-06
12.118	0.019756	28.825	0.00017775	0.00055469	5.9326e-09	3.0821e-22	0.031092	1.7471e-11	0.10068	0	0.083651	0.020626	0.00051755	1.1953e-09	0.80778	0.21859	2.7658e-21	3.3032e-06	0.46375	8.0787e-27	0.0076894	6.5208	1.3208	0.012134	5.7446	0.014507	0.70669	4.0791	1.8975e-06	0.085948	5.7312e-321	2.0957e-06	0.0056844	1.1256	4.4664e-06	1.4549e-06
12.235	0.019538	28.501	0.00017762	0.0005545	3.5471e-09	1.8309e-22	0.03106	1.7452e-11	0.090063	0	0.084419	0.020582	0.00052387	2.1413e-09	0.81031	0.18702	2.791e-21	3.3252e-06	0.46727	8.6019e-27	0.0077597	6.5154	1.3208	0.012252	5.7967	0.015243	0.71306	4.1078	1.8978e-06	0.082443	5.7806e-321	2.0135e-06	0.0059553	1.1403	4.5061e-06	1.5076e-06
12.353	0.019321	28.179	0.0001775	0.00055432	2.1208e-09	1.0877e-22	0.031028	1.7435e-11	0.080385	0	0.085147	0.020539	0.00053019	3.8359e-09	0.81269	0.15887	2.816e-21	3.3473e-06	0.47076	9.1509e-27	0.0078298	6.5102	1.3208	0.012368	5.8487	0.01601	0.71942	4.1362	1.8994e-06	0.07911	5.83e-321	1.9357e-06	0.006206	1.1551	4.5456e-06	1.5614e-06
12.471	0.019106	27.859	0.00017737	0.00055414	1.2681e-09	6.4614e-23	0.030998	1.7418e-11	0.071609	0	0.085838	0.020495	0.00053653	6.8717e-09	0.81493	0.13397	2.841e-21	3.3695e-06	0.47424	9.7263e-27	0.0078997	6.5049	1.3208	0.012482	5.9005	0.016802	0.72575	4.1644	1.9023e-06	0.07596	5.8744e-321	1.8621e-06	0.0064286	1.1699	4.585e-06	1.6162e-06
12.588	0.018892	27.541	0.00017724	0.00055396	7.5817e-10	3.8384e-23	0.030969	1.7401e-11	0.063697	0	0.086493	0.020453	0.00054288	1.231e-08	0.81704	0.11215	2.8659e-21	3.3917e-06	0.4777	1.0329e-26	0.0079694	6.4998	1.3208	0.012593	5.9521	0.017615	0.73206	4.1922	1.9064e-06	0.073	5.9189e-321	1.7924e-06	0.006614	1.1848	4.6242e-06	1.6721e-06
12.706	0.018679	27.226	0.00017712	0.00055379	4.5331e-10	2.2802e-23	0.030941	1.7386e-11	0.056608	0	0.087114	0.020411	0.00054924	2.2053e-08	0.81902	0.093201	2.8908e-21	3.414e-06	0.48114	1.096e-26	0.0080389	6.4946	1.3208	0.012701	6.0036	0.018442	0.73835	4.2197	1.9115e-06	0.070237	5.9634e-321	1.7265e-06	0.0068182	1.1997	4.6633e-06	1.7291e-06
12.824	0.018467	26.913	0.000177	0.00055362	2.7104e-10	1.3546e-23	0.030913	1.737e-11	0.0503	0	0.087704	0.020369	0.0005556	3.9506e-08	0.82089	0.076907	2.9155e-21	3.4363e-06	0.48455	1.1619e-26	0.0081081	6.4895	1.3208	0.012808	6.0549	0.019276	0.74462	4.247	1.9177e-06	0.067678	6.0128e-321	1.6642e-06	0.0069301	1.2147	4.7022e-06	1.7872e-06
12.941	0.018256	26.602	0.00017687	0.00055345	1.6205e-10	8.047e-24	0.030887	1.7355e-11	0.044727	0	0.088264	0.020327	0.00056196	7.0772e-08	0.82267	0.063036	2.9401e-21	3.4586e-06	0.48795	1.2308e-26	0.0081771	6.4845	1.3208	0.012912	6.106	0.020107	0.75086	4.2739	1.9248e-06	0.065325	6.0572e-321	1.6052e-06	0.0071597	1.2296	4.7409e-06	1.8465e-06
13.059	0.018046	26.294	0.00017675	0.00055329	9.6893e-11	4.7803e-24	0.030862	1.7341e-11	0.039839	0	0.088798	0.020286	0.00056831	1.2678e-07	0.82436	0.051346	2.9647e-21	3.481e-06	0.49132	1.3027e-26	0.0082459	6.4795	1.3208	0.013014	6.157	0.020925	0.75709	4.3005	1.9328e-06	0.063179	6.1067e-321	1.5493e-06	0.0072446	1.2446	4.7795e-06	1.9068e-06
13.176	0.017837	25.987	0.00017663	0.00055313	5.7933e-11	2.8398e-24	0.030837	1.7327e-11	0.035583	0	0.089307	0.020246	0.00057467	1.5655e-07	0.82598	0.041592	2.9892e-21	3.5034e-06	0.49467	1.3777e-26	0.0083145	6.4745	1.3208	0.013114	6.2077	0.02172	0.76328	4.3268	1.9415e-06	0.06124	6.1511e-321	1.4963e-06	0.0073253	1.2595	4.8179e-06	1.9682e-06
13.294	0.017629	25.683	0.00017652	0.00055298	3.4638e-11	1.687e-24	0.030814	1.7314e-11	0.031904	0	0.089793	0.020206	0.000581	1.9252e-07	0.82754	0.033531	3.0136e-21	3.5257e-06	0.498	1.4558e-26	0.0083828	6.4695	1.3208	0.013211	6.2583	0.022483	0.76946	4.3528	1.951e-06	0.059503	6.1956e-321	1.4461e-06	0.0073979	1.2744	4.8562e-06	2.0308e-06
13.412	0.017422	25.381	0.0001764	0.00055283	2.071e-11	1.0022e-24	0.030791	1.7301e-11	0.028743	0	0.090259	0.020167	0.0005873	2.4471e-07	0.82905	0.026929	3.0379e-21	3.5481e-06	0.50131	1.5372e-26	0.0084509	6.4645	1.3208	0.013307	6.3088	0.023206	0.77561	4.3784	1.9611e-06	0.057961	6.24e-321	1.3985e-06	0.0074581	1.2893	4.8942e-06	2.0946e-06
13.529	0.017216	25.082	0.00017629	0.00055269	1.2383e-11	5.9534e-25	0.030769	1.7289e-11	0.026044	0	0.090706	0.020128	0.00059357	3.026e-07	0.83051	0.021568	3.0621e-21	3.5704e-06	0.5046	1.6219e-26	0.0085187	6.4596	1.3209	0.0134	6.359	0.023882	0.78174	4.4038	1.9717e-06	0.056606	6.2845e-321	1.3533e-06	0.0075017	1.3041	4.9321e-06	2.1595e-06
13.647	0.017011	24.784	0.00017617	0.00055255	7.4037e-12	3.5366e-25	0.030747	1.7277e-11	0.02375	0	0.091138	0.02009	0.00059979	3.6004e-07	0.83194	0.017246	3.0862e-21	3.5927e-06	0.50786	1.71e-26	0.0085863	6.4547	1.3209	0.013492	6.409	0.024506	0.78784	4.4289	1.9829e-06	0.055427	6.329e-321	1.3103e-06	0.0076051	1.3187	4.9698e-06	2.2257e-06
13.765	0.016807	24.489	0.00017606	0.00055241	4.4267e-12	2.1009e-25	0.030727	1.7266e-11	0.021806	0	0.091554	0.020052	0.00060597	4.1338e-07	0.83335	0.013785	3.1103e-21	3.615e-06	0.5111	1.8015e-26	0.0086536	6.4499	1.3209	0.013581	6.4588	0.025076	0.79392	4.4537	1.9945e-06	0.054411	6.3734e-321	1.2694e-06	0.007634	1.3334	5.0074e-06	2.2931e-06
13.882	0.016604	24.196	0.00017596	0.00055228	2.6467e-12	1.2481e-25	0.030707	1.7254e-11	0.020164	0	0.091958	0.020015	0.00061209	4.6068e-07	0.83474	0.011028	3.1342e-21	3.6371e-06	0.51432	1.8965e-26	0.0087207	6.445	1.3209	0.013669	6.5085	0.025592	0.79997	4.4782	2.0064e-06	0.053544	6.4229e-321	1.2305e-06	0.0076624	1.3479	5.0448e-06	2.3617e-06
14	0.016402	23.905	0.00017585	0.00055215	1.5825e-12	7.4142e-26	0.030688	1.7244e-11	0.018777	0	0.09235	0.019978	0.00061813	5.0102e-07	0.83612	0.0088421	3.1581e-21	3.6592e-06	0.51752	1.9951e-26	0.0087875	6.4402	1.321	0.013755	6.5579	0.026055	0.806	4.5024	2.0186e-06	0.052812	6.4624e-321	1.1934e-06	0.0076877	1.3623	5.082e-06	2.4316e-06
14.118	0.0162	23.616	0.00017574	0.00055203	9.4618e-13	4.4044e-26	0.03067	1.7234e-11	0.017604	0	0.092731	0.019942	0.00062411	5.3415e-07	0.83749	0.0071154	3.1818e-21	3.6812e-06	0.52069	2.0973e-26	0.0088541	6.4353	1.321	0.013839	6.6072	0.026469	0.812	4.5263	2.0311e-06	0.0522	6.5019e-321	1.158e-06	0.0077073	1.3766	5.119e-06	2.5029e-06
14.235	0.016	23.33	0.00017564	0.00055191	5.6573e-13	2.6165e-26	0.030652	1.7224e-11	0.01661	0	0.093103	0.019907	0.00063	5.6029e-07	0.83886	0.0057551	3.2055e-21	3.7032e-06	0.52384	2.2032e-26	0.0089204	6.4305	1.321	0.013921	6.6562	0.026837	0.81798	4.55	2.0438e-06	0.051694	6.5513e-321	1.1242e-06	0.0077191	1.3908	5.1558e-06	2.5755e-06
14.353	0.015801	23.046	0.00017554	0.0005518	3.3825e-13	1.5543e-26	0.030635	1.7214e-11	0.015765	0	0.093466	0.019872	0.00063581	5.7994e-07	0.84023	0.0046855	3.2291e-21	3.7249e-06	0.52697	2.3128e-26	0.0089864	6.4257	1.3211	0.014002	6.705	0.027163	0.82392	4.5734	2.0567e-06	0.051279	6.5908e-321	1.0919e-06	0.0077208	1.4049	5.1924e-06	2.6496e-06
14.471	0.015603	22.764	0.00017544	0.00055169	2.0224e-13	9.2336e-27	0.030619	1.7205e-11	0.015041	0	0.093822	0.019838	0.00064152	5.9379e-07	0.8416	0.0038455	3.2525e-21	3.7466e-06	0.53007	2.4263e-26	0.0090521	6.4209	1.3211	0.014081	6.7537	0.027452	0.82985	4.5966	2.0697e-06	0.050944	6.6353e-321	1.0609e-06	0.0077102	1.4188	5.2289e-06	2.7251e-06
14.588	0.015406	22.485	0.00017535	0.00055159	1.2092e-13	5.4852e-27	0.030603	1.7196e-11	0.014417	0	0.094169	0.019804	0.00064715	6.0257e-07	0.84298	0.0031864	3.2759e-21	3.7682e-06	0.53315	2.5435e-26	0.0091176	6.4162	1.3211	0.014159	6.8021	0.02771	0.83574	4.6196	2.0828e-06	0.050677	6.6798e-321	1.0313e-06	0.0076848	1.4326	5.2651e-06	2.8022e-06
14.706	0.01521	22.208	0.00017525	0.00055149	7.2299e-14	3.2585e-27	0.030588	1.7188e-11	0.013876	0	0.094511	0.019771	0.00065268	6.0709e-07	0.84436	0.0026692	3.2992e-21	3.7896e-06	0.53621	2.6647e-26	0.0091828	6.4114	1.3212	0.014235	6.8503	0.027939	0.84161	4.6423	2.0959e-06	0.050466	6.7242e-321	1.0028e-06	0.0078697	1.4461	5.3012e-06	2.8808e-06
14.824	0.015015	21.933	0.00017516	0.0005514	4.3228e-14	1.9357e-27	0.030574	1.718e-11	0.013401	0	0.094845	0.019739	0.00065811	6.0796e-07	0.84575	0.0022633	3.3223e-21	3.8108e-06	0.53925	2.7899e-26	0.0092477	6.4067	1.3212	0.01431	6.8983	0.028146	0.84745	4.6648	2.1091e-06	0.050304	6.7638e-321	9.7542e-07	0.0076604	1.4598	5.3371e-06	2.961e-06
14.941	0.014822	21.661	0.00017507	0.00055131	2.5846e-14	1.1499e-27	0.03056	1.7172e-11	0.012981	0	0.095174	0.019707	0.00066344	6.0595e-07	0.84715	0.0019445	3.3454e-21	3.8319e-06	0.54226	2.919e-26	0.0093123	6.4019	1.3213	0.014384	6.946	0.028332	0.85326	4.687	2.1224e-06	0.050181	6.8033e-321	9.4909e-07	0.0076575	1.4732	5.3727e-06	3.043e-06
15.059	0.014629	21.39	0.00017498	0.00055122	1.5453e-14	6.8312e-28	0.030546	1.7164e-11	0.012606	0	0.095497	0.019676	0.00066868	6.0162e-07	0.84855	0.0016937	3.3683e-21	3.8529e-06	0.54524	3.0521e-26	0.0093766	6.3972	1.3213	0.014456	6.9936	0.028501	0.85904	4.7091	2.1356e-06	0.050091	6.8477e-321	9.2374e-07	0.007858	1.4861	5.4082e-06	3.1267e-06
15.176	0.014438	21.123	0.0001749	0.00055114	9.2397e-15	4.0581e-28	0.030533	1.7157e-11	0.012266	0	0.095814	0.019645	0.00067382	5.9538e-07	0.84996	0.0014961	3.3912e-21	3.8737e-06	0.5482	3.1894e-26	0.0094406	6.3925	1.3214	0.014528	7.0409	0.028657	0.8648	4.7309	2.1488e-06	0.050028	6.8873e-321	8.9929e-07	0.007663	1.4994	5.4435e-06	3.2122e-06
15.294	0.014247	20.857	0.00017482	0.00055106	5.5244e-15	2.4107e-28	0.030521	1.715e-11	0.011957	0	0.096126	0.019615	0.00067886	5.8774e-07	0.85137	0.0013402	3.4139e-21	3.8943e-06	0.55114	3.3307e-26	0.0095043	6.3877	1.3214	0.014598	7.088	0.028801	0.87052	4.7525	2.1621e-06	0.049987	6.9317e-321	8.7569e-07	0.0076696	1.5123	5.4786e-06	3.2997e-06
15.412	0.014058	20.595	0.00017473	0.00055099	3.3031e-15	1.4321e-28	0.030509	1.7143e-11	0.011672	0	0.096432	0.019585	0.00068381	5.7902e-07	0.85279	0.0012168	3.4366e-21	3.9148e-06	0.55406	3.4762e-26	0.0095677	6.383	1.3215	0.014668	7.1348	0.028935	0.87622	4.7739	2.1753e-06	0.049963	6.9762e-321	8.5289e-07	0.0076511	1.5251	5.5135e-06	3.3891e-06
15.529	0.013871	20.334	0.00017466	0.00055092	1.9749e-15	8.5075e-29	0.030498	1.7137e-11	0.011407	0	0.096734	0.019556	0.00068866	5.6953e-07	0.85422	0.0011189	3.4591e-21	3.9351e-06	0.55695	3.6259e-26	0.0096309	6.3783	1.3215	0.014736	7.1814	0.029061	0.88188	4.7951	2.1884e-06	0.049955	7.0157e-321	8.3084e-07	0.007826	1.5375	5.5481e-06	3.4806e-06
15.647	0.013684	20.076	0.00017458	0.00055086	1.1808e-15	5.0539e-29	0.030487	1.7131e-11	0.01116	0	0.097031	0.019527	0.00069342	5.5941e-07	0.85566	0.0010409	3.4815e-21	3.9553e-06	0.55981	3.7797e-26	0.0096936	6.3737	1.3216	0.014804	7.2278	0.02918	0.88752	4.8161	2.2016e-06	0.049957	7.0553e-321	8.0948e-07	0.0076112	1.5501	5.5826e-06	3.5742e-06
15.765	0.013499	19.821	0.00017451	0.0005508	7.0601e-16	3.0023e-29	0.030477	1.7125e-11	0.010926	0	0.097323	0.019499	0.00069808	5.4896e-07	0.8571	0.00097854	3.5038e-21	3.9753e-06	0.56265	3.9378e-26	0.0097561	6.369	1.3216	0.01487	7.274	0.029293	0.89312	4.8369	2.2146e-06	0.049969	7.0948e-321	7.8879e-07	0.0078033	1.5622	5.6169e-06	3.6701e-06
15.882	0.013315	19.568	0.00017443	0.00055074	4.2213e-16	1.7835e-29	0.030467	1.712e-11	0.010703	0	0.09761	0.019472	0.00070266	5.3821e-07	0.85855	0.00092844	3.526e-21	3.9951e-06	0.56547	4.1002e-26	0.0098183	6.3643	1.3217	0.014937	7.3199	0.029402	0.8987	4.8574	2.2277e-06	0.049988	7.1343e-321	7.6872e-07	0.00761	1.5746	5.6509e-06	3.7683e-06
16	0.013132	19.317	0.00017436	0.00055069	2.5239e-16	1.0595e-29	0.030457	1.7114e-11	0.010491	0	0.097893	0.019445	0.00070714	5.2739e-07	0.86	0.00088797	3.548e-21	4.0147e-06	0.56826	4.2668e-26	0.0098801	6.3596	1.3217	0.015002	7.3656	0.029507	0.90424	4.8778	2.2407e-06	0.050012	7.1738e-321	7.4924e-07	0.0078158	1.5864	5.6848e-06	3.8689e-06
16.118	0.012951	19.069	0.0001743	0.00055064	1.5091e-16	6.2941e-30	0.030448	1.7109e-11	0.010288	0	0.098171	0.019418	0.00071154	5.1648e-07	0.86145	0.00085508	3.57e-21	4.0342e-06	0.57103	4.4376e-26	0.0099416	6.355	1.3218	0.015067	7.411	0.029608	0.90976	4.8979	2.2536e-06	0.050041	7.2084e-321	7.3032e-07	0.0076405	1.5984	5.7184e-06	3.972e-06
16.235	0.012771	18.824	0.00017423	0.0005506	9.0227e-17	3.739e-30	0.03044	1.7104e-11	0.010091	0	0.098444	0.019392	0.00071586	5.0563e-07	0.86291	0.00082814	3.5918e-21	4.0535e-06	0.57377	4.6128e-26	0.010003	6.3504	1.3218	0.015131	7.4562	0.029707	0.91524	4.9179	2.2664e-06	0.050073	7.2479e-321	7.1192e-07	0.0076483	1.6101	5.7518e-06	4.0777e-06
16.353	0.012593	18.581	0.00017417	0.00055056	5.3947e-17	2.2212e-30	0.030431	1.71e-11	0.0099017	0	0.098714	0.019367	0.00072009	4.9488e-07	0.86438	0.00080591	3.6135e-21	4.0726e-06	0.57649	4.7922e-26	0.010064	6.3457	1.3219	0.015194	7.5011	0.029803	0.92069	4.9376	2.2792e-06	0.050108	7.2825e-321	6.9403e-07	0.0078346	1.6214	5.785e-06	4.1861e-06
16.471	0.012416	18.341	0.0001741	0.00055052	3.2255e-17	1.3195e-30	0.030423	1.7095e-11	0.0097177	0	0.098979	0.019341	0.00072423	4.8421e-07	0.86584	0.0007874	3.6351e-21	4.0916e-06	0.57918	4.9759e-26	0.010124	6.3411	1.322	0.015257	7.5458	0.029897	0.9261	4.9572	2.292e-06	0.050144	7.3171e-321	6.7661e-07	0.0076471	1.633	5.818e-06	4.2973e-06
16.588	0.012241	18.103	0.00017405	0.00055049	1.9286e-17	7.8386e-31	0.030416	1.7091e-11	0.0095388	0	0.09924	0.019317	0.0007283	4.7371e-07	0.86731	0.00077183	3.6566e-21	4.1104e-06	0.58185	5.1639e-26	0.010184	6.3365	1.322	0.01532	7.5902	0.029989	0.93149	4.9765	2.3047e-06	0.050182	7.3566e-321	6.5965e-07	0.0076373	1.6443	5.8508e-06	4.4113e-06
16.706	0.012067	17.868	0.00017399	0.00055046	1.1531e-17	4.6565e-31	0.030409	1.7087e-11	0.0093645	0	0.099496	0.019293	0.00073229	4.6341e-07	0.86878	0.00075858	3.6779e-21	4.1289e-06	0.58449	5.3562e-26	0.010244	6.3319	1.3221	0.015382	7.6343	0.03008	0.93684	4.9957	2.3173e-06	0.05022	7.3912e-321	6.4313e-07	0.0077981	1.6552	5.8834e-06	4.5283e-06
16.824	0.011895	17.636	0.00017393	0.00055043	6.8944e-18	2.7662e-31	0.030402	1.7083e-11	0.0091943	0	0.099749	0.019269	0.0007362	4.5325e-07	0.87026	0.00074719	3.6991e-21	4.1474e-06	0.5871	5.5528e-26	0.010304	6.3273	1.3221	0.015444	7.6782	0.030169	0.94216	5.0146	2.3298e-06	0.050259	7.4258e-321	6.2702e-07	0.0075942	1.6664	5.9157e-06	4.6483e-06
16.941	0.011724	17.406	0.00017388	0.00055041	4.1222e-18	1.6433e-31	0.030396	1.708e-11	0.0090281	0	0.099997	0.019246	0.00074003	4.4334e-07	0.87173	0.00073727	3.7202e-21	4.1656e-06	0.5897	5.7536e-26	0.010363	6.3227	1.3222	0.015505	7.7219	0.030256	0.94745	5.0333	2.3422e-06	0.050298	7.4604e-321	6.1131e-07	0.0077555	1.677	5.9478e-06	4.7715e-06
17.059	0.011555	17.179	0.00017383	0.00055039	2.4647e-18	9.762e-32	0.030389	1.7076e-11	0.0088655	0	0.10024	0.019223	0.00074379	4.3359e-07	0.8732	0.00072852	3.7412e-21	4.1837e-06	0.59226	5.9587e-26	0.010421	6.3181	1.3223	0.015566	7.7653	0.030343	0.9527	5.0518	2.3546e-06	0.050337	7.495e-321	5.9598e-07	0.007559	1.6879	5.9797e-06	4.8979e-06
17.176	0.011387	16.954	0.00017378	0.00055038	1.4736e-18	5.7992e-32	0.030384	1.7073e-11	0.0087062	0	0.10048	0.0192	0.00074747	4.2411e-07	0.87468	0.00072071	3.762e-21	4.2016e-06	0.5948	6.168e-26	0.01048	6.3136	1.3223	0.015627	7.8084	0.030428	0.95791	5.0701	2.3669e-06	0.050376	7.5296e-321	5.8102e-07	0.007716	1.6982	6.0113e-06	5.0275e-06
17.294	0.011221	16.733	0.00017373	0.00055036	8.8109e-19	3.445e-32	0.030378	1.707e-11	0.0085501	0	0.10072	0.019178	0.00075109	4.1482e-07	0.87615	0.00071365	3.7828e-21	4.2193e-06	0.59732	6.3815e-26	0.010538	6.309	1.3224	0.015688	7.8512	0.030513	0.9631	5.0883	2.3792e-06	0.050415	7.5641e-321	5.6642e-07	0.0077116	1.7086	6.0428e-06	5.1605e-06
17.412	0.011057	16.513	0.00017368	0.00055035	5.2681e-19	2.0465e-32	0.030373	1.7067e-11	0.008397	0	0.10095	0.019157	0.00075463	4.0573e-07	0.87763	0.0007072	3.8033e-21	4.2368e-06	0.59981	6.5992e-26	0.010596	6.3045	1.3225	0.015748	7.8938	0.030596	0.96825	5.1062	2.3913e-06	0.050453	7.5987e-321	5.5216e-07	0.0075509	1.719	6.074e-06	5.297e-06
17.529	0.010894	16.297	0.00017364	0.00055034	3.1498e-19	1.2158e-32	0.030368	1.7064e-11	0.0082468	0	0.10118	0.019136	0.00075811	3.969e-07	0.8791	0.00070123	3.8238e-21	4.2541e-06	0.60227	6.821e-26	0.010653	6.2999	1.3225	0.015808	7.936	0.030678	0.97336	5.1239	2.4034e-06	0.05049	7.6333e-321	5.3823e-07	0.0077311	1.729	6.1049e-06	5.4369e-06
17.647	0.010733	16.083	0.0001736	0.00055034	1.8833e-19	7.2222e-33	0.030364	1.7062e-11	0.0080992	0	0.10141	0.019115	0.00076152	3.8819e-07	0.88057	0.00069564	3.8441e-21	4.2713e-06	0.60471	7.0469e-26	0.01071	6.2954	1.3226	0.015868	7.9781	0.03076	0.97844	5.1414	2.4154e-06	0.050527	7.6679e-321	5.2462e-07	0.0074936	1.7392	6.1357e-06	5.5803e-06
17.765	0.010574	15.872	0.00017356	0.00055034	1.126e-19	4.2904e-33	0.030359	1.7059e-11	0.0079544	0	0.10163	0.019095	0.00076486	3.7983e-07	0.88204	0.00069038	3.8643e-21	4.2883e-06	0.60713	7.2769e-26	0.010766	6.2909	1.3226	0.015927	8.0198	0.030841	0.98348	5.1587	2.4274e-06	0.050562	7.7025e-321	5.1133e-07	0.0077138	1.7488	6.1662e-06	5.7274e-06
17.882	0.010416	15.664	0.00017352	0.00055033	6.7325e-20	2.5487e-33	0.030355	1.7057e-11	0.007812	0	0.10184	0.019075	0.00076814	3.716e-07	0.88351	0.00068536	3.8843e-21	4.3051e-06	0.60951	7.5109e-26	0.010823	6.2864	1.3227	0.015987	8.0612	0.030921	0.98849	5.1758	2.4392e-06	0.050598	7.7371e-321	4.9834e-07	0.0077029	1.7585	6.1964e-06	5.8781e-06
18	0.01026	15.458	0.00017348	0.00055034	4.0254e-20	1.5141e-33	0.030352	1.7055e-11	0.0076722	0	0.10206	0.019055	0.00077136	3.6356e-07	0.88497	0.00068055	3.9042e-21	4.3217e-06	0.61188	7.7488e-26	0.010878	6.282	1.3228	0.016046	8.1024	0.031	0.99346	5.1926	2.451e-06	0.050632	7.7717e-321	4.8564e-07	0.0075418	1.7682	6.2265e-06	6.0324e-06
18.118	0.010106	15.255	0.00017344	0.00055034	2.4068e-20	8.9944e-34	0.030348	1.7053e-11	0.0075347	0	0.10227	0.019036	0.00077451	3.5577e-07	0.88643	0.00067591	3.924e-21	4.3382e-06	0.61421	7.9907e-26	0.010934	6.2775	1.3228	0.016105	8.1433	0.031078	0.9984	5.2093	2.4627e-06	0.050666	7.7964e-321	4.7323e-07	0.0077015	1.7774	6.2563e-06	6.1904e-06
18.235	0.0099538	15.055	0.00017341	0.00055035	1.439e-20	5.3432e-34	0.030345	1.7051e-11	0.0073995	0	0.10248	0.019017	0.0007776	3.4816e-07	0.88789	0.0006714	3.9436e-21	4.3545e-06	0.61653	8.2365e-26	0.010989	6.2731	1.3229	0.016164	8.1839	0.031156	1.0033	5.2258	2.4743e-06	0.050699	7.8309e-321	4.611e-07	0.0077096	1.7867	6.2858e-06	6.352e-06
18.353	0.0098032	14.857	0.00017337	0.00055036	8.604e-21	3.1741e-34	0.030342	1.705e-11	0.0072665	0	0.10268	0.018999	0.00078063	3.4068e-07	0.88935	0.000667	3.963e-21	4.3706e-06	0.61881	8.486e-26	0.011043	6.2686	1.323	0.016222	8.2242	0.031232	1.0082	5.2421	2.4858e-06	0.05073	7.8606e-321	4.4923e-07	0.0074998	1.7961	6.3151e-06	6.5173e-06
18.471	0.0096544	14.662	0.00017334	0.00055037	5.1444e-21	1.8856e-34	0.030339	1.7048e-11	0.0071358	0	0.10288	0.01898	0.00078361	3.335e-07	0.8908	0.00066268	3.9824e-21	4.3865e-06	0.62107	8.7393e-26	0.011097	6.2642	1.323	0.016281	8.2642	0.031308	1.013	5.2582	2.4972e-06	0.050762	7.8952e-321	4.3764e-07	0.007718	1.8049	6.3442e-06	6.6863e-06
18.588	0.0095074	14.47	0.00017331	0.00055038	3.0758e-21	1.1202e-34	0.030336	1.7047e-11	0.0070072	0	0.10308	0.018963	0.00078653	3.2645e-07	0.89224	0.00065843	4.0016e-21	4.4022e-06	0.62331	8.9962e-26	0.011151	6.2598	1.3231	0.016339	8.3039	0.031383	1.0178	5.2741	2.5085e-06	0.050792	7.9248e-321	4.263e-07	0.0077176	1.8137	6.3731e-06	6.8589e-06
18.706	0.0093622	14.281	0.00017328	0.00055039	1.8391e-21	6.6543e-35	0.030334	1.7045e-11	0.0068806	0	0.10327	0.018945	0.00078939	3.1952e-07	0.89368	0.00065424	4.0206e-21	4.4178e-06	0.62552	9.2568e-26	0.011205	6.2555	1.3232	0.016397	8.3433	0.031458	1.0225	5.2897	2.5198e-06	0.050821	7.9594e-321	4.1522e-07	0.0075055	1.8227	6.4016e-06	7.0351e-06
18.824	0.0092189	14.094	0.00017326	0.00055041	1.0996e-21	3.953e-35	0.030332	1.7044e-11	0.0067561	0	0.10346	0.018928	0.00079219	3.1288e-07	0.89512	0.00065009	4.0395e-21	4.4331e-06	0.6277	9.5209e-26	0.011258	6.2511	1.3232	0.016455	8.3824	0.031532	1.0272	5.3052	2.531e-06	0.05085	7.989e-321	4.0438e-07	0.0077076	1.8311	6.43e-06	7.2149e-06
18.941	0.0090773	13.91	0.00017323	0.00055043	6.5744e-22	2.3483e-35	0.03033	1.7043e-11	0.0066336	0	0.10365	0.018912	0.00079494	3.0635e-07	0.89655	0.00064597	4.0583e-21	4.4483e-06	0.62986	9.7884e-26	0.01131	6.2468	1.3233	0.016513	8.4212	0.031605	1.0319	5.3205	2.5421e-06	0.050877	8.0187e-321	3.9379e-07	0.0076965	1.8396	6.4581e-06	7.3982e-06
19.059	0.0089376	13.728	0.0001732	0.00055044	3.9309e-22	1.395e-35	0.030328	1.7042e-11	0.0065131	0	0.10383	0.018895	0.00079764	2.9998e-07	0.89797	0.00064187	4.0769e-21	4.4634e-06	0.632	1.0059e-25	0.011362	6.2425	1.3234	0.01657	8.4597	0.031677	1.0365	5.3356	2.553e-06	0.050904	8.0434e-321	3.8343e-07	0.0075461	1.8482	6.4859e-06	7.5848e-06
19.176	0.0087997	13.55	0.00017318	0.00055046	2.3503e-22	8.2872e-36	0.030327	1.7041e-11	0.0063944	0	0.10402	0.018879	0.00080029	2.938e-07	0.89939	0.00063778	4.0953e-21	4.4782e-06	0.6341	1.0333e-25	0.011414	6.2382	1.3234	0.016628	8.4978	0.031749	1.0411	5.3505	2.564e-06	0.05093	8.078e-321	3.7331e-07	0.0076848	1.8563	6.5135e-06	7.7749e-06
19.294	0.0086636	13.374	0.00017316	0.00055049	1.4052e-22	4.923e-36	0.030326	1.7041e-11	0.0062776	0	0.10419	0.018863	0.00080289	2.8777e-07	0.9008	0.00063371	4.1136e-21	4.4929e-06	0.63619	1.0611e-25	0.011465	6.2339	1.3235	0.016685	8.5357	0.03182	1.0457	5.3652	2.5748e-06	0.050955	8.1076e-321	3.6341e-07	0.0076827	1.8644	6.5409e-06	7.9682e-06
19.412	0.0085294	13.2	0.00017314	0.00055051	8.402e-23	2.9246e-36	0.030325	1.704e-11	0.0061627	0	0.10437	0.018848	0.00080543	2.8188e-07	0.9022	0.00062964	4.1317e-21	4.5073e-06	0.63824	1.0891e-25	0.011516	6.2297	1.3236	0.016742	8.5733	0.03189	1.0502	5.3797	2.5855e-06	0.050979	8.1373e-321	3.5373e-07	0.0075444	1.8725	6.568e-06	8.1646e-06
19.529	0.0083971	13.03	0.00017311	0.00055053	5.0236e-23	1.7373e-36	0.030324	1.704e-11	0.0060495	0	0.10454	0.018833	0.00080793	2.7618e-07	0.9036	0.00062556	4.1497e-21	4.5216e-06	0.64028	1.1175e-25	0.011567	6.2254	1.3236	0.016799	8.6105	0.03196	1.0547	5.3939	2.5961e-06	0.051002	8.1669e-321	3.4428e-07	0.0076852	1.8803	6.5948e-06	8.3641e-06
19.647	0.0082666	12.861	0.00017309	0.00055056	3.0036e-23	1.0321e-36	0.030323	1.7039e-11	0.0059381	0	0.10471	0.018818	0.00081038	2.7061e-07	0.90499	0.00062148	4.1676e-21	4.5358e-06	0.64228	1.1461e-25	0.011617	6.2212	1.3237	0.016855	8.6474	0.032029	1.0591	5.408	2.6067e-06	0.051025	8.1965e-321	3.3504e-07	0.0076891	1.888	6.6214e-06	8.5664e-06
19.765	0.0081379	12.696	0.00017308	0.00055058	1.7959e-23	6.1311e-37	0.030322	1.7039e-11	0.0058284	0	0.10488	0.018804	0.00081278	2.6514e-07	0.90637	0.00061739	4.1852e-21	4.5497e-06	0.64427	1.175e-25	0.011666	6.2171	1.3238	0.016912	8.684	0.032097	1.0635	5.4219	2.6171e-06	0.051047	8.2262e-321	3.2601e-07	0.0074986	1.8958	6.6477e-06	8.7716e-06
19.882	0.0080111	12.533	0.00017306	0.00055061	1.0738e-23	3.6422e-37	0.030322	1.7039e-11	0.0057204	0	0.10504	0.018789	0.00081513	2.599e-07	0.90775	0.00061329	4.2028e-21	4.5635e-06	0.64622	1.2042e-25	0.011715	6.2129	1.3238	0.016968	8.7203	0.032164	1.0679	5.4356	2.6274e-06	0.051067	8.2558e-321	3.1718e-07	0.0076799	1.9032	6.6738e-06	8.9794e-06
20	0.0078862	12.373	0.00017304	0.00055064	6.4201e-24	2.1637e-37	0.030321	1.7038e-11	0.0056141	0	0.1052	0.018775	0.00081744	2.5475e-07	0.90911	0.00060917	4.2201e-21	4.5771e-06	0.64815	1.2337e-25	0.011764	6.2088	1.3239	0.017024	8.7563	0.032231	1.0722	5.4492	2.6377e-06	0.051087	8.2904e-321	3.0856e-07	0.0076657	1.9106	6.6996e-06	9.1898e-06
20.118	0.0077631	12.216	0.00017303	0.00055066	3.8386e-24	1.2853e-37	0.030321	1.7038e-11	0.0055094	0	0.10536	0.018762	0.0008197	2.4974e-07	0.91047	0.00060502	4.2373e-21	4.5905e-06	0.65006	1.2634e-25	0.011812	6.2047	1.3239	0.01708	8.7919	0.032298	1.0765	5.4625	2.6479e-06	0.051107	8.3151e-321	3.0014e-07	0.0076697	1.9179	6.7251e-06	9.4025e-06
20.235	0.0076419	12.061	0.00017301	0.00055069	2.2951e-24	7.6356e-38	0.030321	1.7038e-11	0.0054063	0	0.10551	0.018748	0.00082192	2.4486e-07	0.91181	0.00060086	4.2544e-21	4.6037e-06	0.65194	1.2933e-25	0.01186	6.2006	1.324	0.017135	8.8272	0.032363	1.0807	5.4756	2.6579e-06	0.051125	8.3448e-321	2.9191e-07	0.0076918	1.925	6.7504e-06	9.6174e-06
20.353	0.0075225	11.908	0.000173	0.00055072	1.3722e-24	4.5359e-38	0.030321	1.7038e-11	0.0053048	0	0.10567	0.018735	0.0008241	2.4006e-07	0.91315	0.00059667	4.2712e-21	4.6168e-06	0.6538	1.3235e-25	0.011908	6.1965	1.3241	0.01719	8.8621	0.032429	1.0849	5.4885	2.6679e-06	0.051143	8.3744e-321	2.8388e-07	0.0075276	1.9322	6.7755e-06	9.8343e-06
20.471	0.0074049	11.758	0.00017298	0.00055075	8.2047e-25	2.6946e-38	0.030322	1.7039e-11	0.0052049	0	0.10582	0.018723	0.00082623	2.3548e-07	0.91448	0.00059246	4.2879e-21	4.6297e-06	0.65563	1.3538e-25	0.011954	6.1925	1.3241	0.017245	8.8967	0.032492	1.0891	5.5013	2.6778e-06	0.051159	8.409e-321	2.7604e-07	0.0077184	1.939	6.8002e-06	1.0053e-05
20.588	0.0072892	11.611	0.00017297	0.00055078	4.9056e-25	1.6007e-38	0.030322	1.7039e-11	0.0051064	0	0.10596	0.01871	0.00082833	2.3092e-07	0.9158	0.00058821	4.3045e-21	4.6424e-06	0.65744	1.3844e-25	0.012001	6.1885	1.3242	0.0173	8.931	0.032556	1.0932	5.5138	2.6875e-06	0.051175	8.4337e-321	2.6838e-07	0.0075227	1.946	6.8247e-06	1.0274e-05
20.706	0.0071754	11.466	0.00017296	0.00055081	2.9331e-25	9.5092e-39	0.030323	1.7039e-11	0.0050095	0	0.10611	0.018698	0.00083038	2.2657e-07	0.91711	0.00058393	4.3209e-21	4.6549e-06	0.65922	1.4152e-25	0.012047	6.1846	1.3243	0.017354	8.965	0.032619	1.0972	5.5262	2.6972e-06	0.05119	8.4633e-321	2.609e-07	0.0076735	1.9525	6.849e-06	1.0496e-05
20.824	0.0070633	11.324	0.00017294	0.00055084	1.7537e-25	5.649e-39	0.030323	1.7039e-11	0.0049141	0	0.10625	0.018686	0.00083239	2.2228e-07	0.91841	0.00057962	4.3371e-21	4.6673e-06	0.66097	1.4461e-25	0.012092	6.1806	1.3243	0.017408	8.9986	0.032681	1.1013	5.5384	2.7068e-06	0.051205	8.488e-321	2.536e-07	0.0076405	1.9592	6.8729e-06	1.0719e-05
20.941	0.0069531	11.185	0.00017293	0.00055087	1.0486e-25	3.3558e-39	0.030324	1.704e-11	0.0048201	0	0.10639	0.018674	0.00083436	2.1811e-07	0.9197	0.00057528	4.3531e-21	4.6795e-06	0.66271	1.4772e-25	0.012137	6.1767	1.3244	0.017462	9.0318	0.032743	1.1052	5.5504	2.7162e-06	0.051218	8.5128e-321	2.4648e-07	0.0076223	1.9657	6.8966e-06	1.0943e-05
21.059	0.0068448	11.047	0.00017292	0.0005509	6.2693e-26	1.9935e-39	0.030325	1.704e-11	0.0047275	0	0.10653	0.018662	0.00083629	2.1406e-07	0.92098	0.0005709	4.369e-21	4.6915e-06	0.66441	1.5085e-25	0.012182	6.1729	1.3244	0.017515	9.0647	0.032804	1.1092	5.5622	2.7256e-06	0.051231	8.5424e-321	2.3952e-07	0.0076178	1.9721	6.9201e-06	1.1169e-05
21.176	0.0067382	10.913	0.00017291	0.00055093	3.7485e-26	1.1843e-39	0.030326	1.7041e-11	0.0046363	0	0.10666	0.018651	0.00083818	2.1012e-07	0.92224	0.00056648	4.3847e-21	4.7034e-06	0.6661	1.5399e-25	0.012226	6.169	1.3245	0.017568	9.0973	0.032864	1.1131	5.5738	2.7349e-06	0.051243	8.5671e-321	2.3274e-07	0.0076266	1.9784	6.9432e-06	1.1395e-05
21.294	0.0066334	10.78	0.0001729	0.00055097	2.2412e-26	7.0352e-40	0.030327	1.7041e-11	0.0045466	0	0.10679	0.01864	0.00084004	2.0628e-07	0.9235	0.00056203	4.4002e-21	4.715e-06	0.66776	1.5714e-25	0.012269	6.1652	1.3246	0.017621	9.1295	0.032924	1.1169	5.5852	2.744e-06	0.051255	8.5918e-321	2.2613e-07	0.0076488	1.9845	6.9661e-06	1.1622e-05
21.412	0.0065305	10.65	0.00017289	0.000551	1.34e-26	4.1793e-40	0.030328	1.7042e-11	0.0044581	0	0.10692	0.018629	0.00084186	2.0251e-07	0.92474	0.00055753	4.4156e-21	4.7265e-06	0.66939	1.603e-25	0.012313	6.1614	1.3246	0.017673	9.1613	0.032983	1.1207	5.5964	2.7531e-06	0.051266	8.6165e-321	2.1968e-07	0.0075002	1.9907	6.9887e-06	1.185e-05
21.529	0.0064293	10.523	0.00017289	0.00055103	8.0121e-27	2.4827e-40	0.030329	1.7043e-11	0.0043711	0	0.10705	0.018619	0.00084364	1.9892e-07	0.92598	0.000553	4.4307e-21	4.7379e-06	0.671	1.6347e-25	0.012355	6.1577	1.3247	0.017725	9.1928	0.033041	1.1245	5.6075	2.762e-06	0.051276	8.6412e-321	2.1339e-07	0.0076688	1.9965	7.0111e-06	1.2078e-05
21.647	0.0063299	10.398	0.00017288	0.00055106	4.7905e-27	1.4749e-40	0.03033	1.7044e-11	0.0042854	0	0.10718	0.018608	0.00084538	1.9538e-07	0.9272	0.00054842	4.4457e-21	4.749e-06	0.67259	1.6665e-25	0.012397	6.154	1.3247	0.017776	9.2239	0.033099	1.1282	5.6184	2.7709e-06	0.051285	8.661e-321	2.0725e-07	0.007667	2.0024	7.0332e-06	1.2306e-05
21.765	0.0062322	10.275	0.00017287	0.00055109	2.8642e-27	8.7615e-41	0.030332	1.7044e-11	0.0042009	0	0.1073	0.018598	0.00084709	1.9194e-07	0.9284	0.0005438	4.4606e-21	4.76e-06	0.67415	1.6983e-25	0.012439	6.1503	1.3248	0.017828	9.2547	0.033157	1.1319	5.6291	2.7796e-06	0.051294	8.6857e-321	2.0128e-07	0.0076795	2.0081	7.055e-06	1.2533e-05
21.882	0.0061364	10.155	0.00017286	0.00055112	1.7125e-27	5.2048e-41	0.030333	1.7045e-11	0.0041178	0	0.10742	0.018588	0.00084877	1.8854e-07	0.9296	0.00053914	4.4752e-21	4.7708e-06	0.67568	1.7303e-25	0.01248	6.1467	1.3249	0.017878	9.2851	0.033213	1.1355	5.6396	2.7883e-06	0.051302	8.7054e-321	1.9545e-07	0.0075276	2.0139	7.0765e-06	1.2761e-05
22	0.0060423	10.037	0.00017286	0.00055115	1.0239e-27	3.0919e-41	0.030335	1.7046e-11	0.0040359	0	0.10754	0.018579	0.00085041	1.8532e-07	0.93078	0.00053443	4.4897e-21	4.7815e-06	0.6772	1.7622e-25	0.012521	6.1431	1.3249	0.017928	9.3152	0.033269	1.1391	5.6499	2.7968e-06	0.051309	8.7252e-321	1.8978e-07	0.0076831	2.0193	7.0977e-06	1.2988e-05
22.118	0.0059499	9.9212	0.00017285	0.00055118	6.1221e-28	1.8368e-41	0.030336	1.7047e-11	0.0039553	0	0.10765	0.018569	0.00085202	1.8215e-07	0.93196	0.00052968	4.504e-21	4.792e-06	0.67869	1.7942e-25	0.012561	6.1395	1.325	0.017978	9.3448	0.033324	1.1426	5.6601	2.8052e-06	0.051316	8.745e-321	1.8425e-07	0.0076739	2.0248	7.1187e-06	1.3215e-05
22.235	0.0058592	9.8078	0.00017284	0.00055121	3.6604e-28	1.0911e-41	0.030338	1.7048e-11	0.003876	0	0.10777	0.01856	0.00085359	1.7906e-07	0.93311	0.00052489	4.5181e-21	4.8023e-06	0.68015	1.8262e-25	0.0126	6.136	1.325	0.018028	9.3741	0.033378	1.1461	5.6701	2.8136e-06	0.051322	8.7647e-321	1.7886e-07	0.0076783	2.0301	7.1394e-06	1.3441e-05
22.353	0.0057703	9.6967	0.00017284	0.00055124	2.1886e-28	6.482e-42	0.03034	1.7049e-11	0.0037978	0	0.10788	0.018551	0.00085514	1.7602e-07	0.93426	0.00052005	4.532e-21	4.8124e-06	0.68159	1.8581e-25	0.012639	6.1325	1.3251	0.018077	9.403	0.033432	1.1496	5.6799	2.8218e-06	0.051327	8.7845e-321	1.7362e-07	0.0075247	2.0355	7.1598e-06	1.3667e-05
22.471	0.0056831	9.5878	0.00017283	0.00055127	1.3086e-28	3.8507e-42	0.030342	1.705e-11	0.0037209	0	0.10799	0.018542	0.00085665	1.7313e-07	0.93539	0.00051517	4.5458e-21	4.8224e-06	0.68301	1.8901e-25	0.012678	6.129	1.3251	0.018125	9.4316	0.033486	1.153	5.6895	2.8299e-06	0.051333	8.8042e-321	1.6851e-07	0.0076654	2.0406	7.1799e-06	1.3891e-05
22.588	0.0055975	9.4812	0.00017283	0.0005513	7.824e-29	2.2875e-42	0.030344	1.7051e-11	0.0036452	0	0.1081	0.018533	0.00085812	1.7029e-07	0.93651	0.00051024	4.5593e-21	4.8322e-06	0.6844	1.922e-25	0.012716	6.1256	1.3252	0.018173	9.4597	0.033538	1.1563	5.699	2.8379e-06	0.051337	8.824e-321	1.6355e-07	0.007647	2.0456	7.1997e-06	1.4115e-05
22.706	0.0055137	9.3768	0.00017282	0.00055133	4.678e-29	1.3589e-42	0.030345	1.7052e-11	0.0035706	0	0.1082	0.018525	0.00085957	1.6752e-07	0.93761	0.00050526	4.5727e-21	4.8418e-06	0.68577	1.9538e-25	0.012754	6.1222	1.3253	0.018221	9.4875	0.03359	1.1596	5.7082	2.8457e-06	0.05134	8.8438e-321	1.5871e-07	0.0076402	2.0506	7.2193e-06	1.4337e-05
22.824	0.0054315	9.2745	0.00017282	0.00055136	2.797e-29	8.0726e-43	0.030347	1.7053e-11	0.0034972	0	0.10831	0.018517	0.00086098	1.6484e-07	0.9387	0.00050024	4.5859e-21	4.8513e-06	0.68712	1.9856e-25	0.012791	6.1189	1.3253	0.018268	9.5149	0.033641	1.1629	5.7173	2.8535e-06	0.051343	8.8635e-321	1.5401e-07	0.0076445	2.0555	7.2385e-06	1.4558e-05
22.941	0.005351	9.1745	0.00017281	0.00055138	1.6723e-29	4.7956e-43	0.030349	1.7054e-11	0.0034249	0	0.10841	0.018509	0.00086237	1.6223e-07	0.93978	0.00049518	4.5989e-21	4.8606e-06	0.68844	2.0173e-25	0.012827	6.1156	1.3254	0.018314	9.542	0.033692	1.1661	5.7263	2.8612e-06	0.051346	8.8833e-321	1.4943e-07	0.0076599	2.0602	7.2575e-06	1.4777e-05
23.059	0.0052721	9.0766	0.00017281	0.00055141	9.9989e-30	2.8488e-43	0.030351	1.7055e-11	0.0033538	0	0.10851	0.018501	0.00086372	1.5966e-07	0.94084	0.00049007	4.6117e-21	4.8697e-06	0.68974	2.0489e-25	0.012863	6.1123	1.3254	0.01836	9.5686	0.033743	1.1693	5.7351	2.8687e-06	0.051348	8.9031e-321	1.4498e-07	0.007525	2.0651	7.2762e-06	1.4995e-05
23.176	0.0051948	8.9808	0.0001728	0.00055144	5.9784e-30	1.6924e-43	0.030354	1.7057e-11	0.0032838	0	0.10861	0.018493	0.00086505	1.5723e-07	0.94189	0.00048492	4.6243e-21	4.8787e-06	0.69102	2.0804e-25	0.012899	6.1091	1.3255	0.018405	9.5948	0.033792	1.1724	5.7436	2.8761e-06	0.051349	8.9228e-321	1.4066e-07	0.007667	2.0695	7.2946e-06	1.5211e-05
23.294	0.0051192	8.8871	0.0001728	0.00055146	3.5745e-30	1.0053e-43	0.030356	1.7058e-11	0.0032149	0	0.1087	0.018485	0.00086635	1.5484e-07	0.94292	0.00047973	4.6367e-21	4.8875e-06	0.69227	2.1117e-25	0.012934	6.106	1.3255	0.01845	9.6207	0.033841	1.1755	5.7521	2.8835e-06	0.05135	8.9426e-321	1.3645e-07	0.0076587	2.074	7.3127e-06	1.5425e-05
23.412	0.0050452	8.7955	0.0001728	0.00055149	2.1372e-30	5.9723e-44	0.030358	1.7059e-11	0.0031472	0	0.1088	0.018478	0.00086761	1.5251e-07	0.94394	0.00047449	4.649e-21	4.8962e-06	0.6935	2.1429e-25	0.012968	6.1028	1.3256	0.018495	9.6461	0.033889	1.1785	5.7603	2.8907e-06	0.05135	8.9574e-321	1.3237e-07	0.0076615	2.0784	7.3305e-06	1.5637e-05
23.529	0.0049728	8.7059	0.00017279	0.00055151	1.2778e-30	3.5479e-44	0.03036	1.706e-11	0.0030805	0	0.10889	0.018471	0.00086885	1.5021e-07	0.94494	0.00046921	4.661e-21	4.9047e-06	0.69471	2.174e-25	0.013002	6.0998	1.3256	0.018538	9.6712	0.033937	1.1815	5.7684	2.8978e-06	0.05135	8.9772e-321	1.284e-07	0.0075195	2.0829	7.3481e-06	1.5848e-05
23.647	0.0049019	8.6184	0.00017279	0.00055154	7.6403e-31	2.1076e-44	0.030362	1.7061e-11	0.0030148	0	0.10898	0.018464	0.00087006	1.4805e-07	0.94593	0.00046389	4.6729e-21	4.913e-06	0.69589	2.2048e-25	0.013035	6.0967	1.3257	0.018581	9.6958	0.033983	1.1844	5.7764	2.9047e-06	0.051349	8.9969e-321	1.2455e-07	0.0076432	2.087	7.3653e-06	1.6056e-05
23.765	0.0048326	8.5329	0.00017278	0.00055156	4.5681e-31	1.252e-44	0.030364	1.7063e-11	0.0029502	0	0.10907	0.018457	0.00087125	1.4591e-07	0.9469	0.00045853	4.6845e-21	4.9212e-06	0.69705	2.2355e-25	0.013068	6.0937	1.3257	0.018624	9.7201	0.03403	1.1873	5.7841	2.9116e-06	0.051348	9.0167e-321	1.2081e-07	0.0076211	2.0912	7.3823e-06	1.6262e-05
23.882	0.0047649	8.4494	0.00017278	0.00055159	2.7313e-31	7.4378e-45	0.030367	1.7064e-11	0.0028867	0	0.10915	0.01845	0.0008724	1.4384e-07	0.94786	0.00045313	4.696e-21	4.9292e-06	0.69819	2.2659e-25	0.0131	6.0908	1.3258	0.018666	9.7439	0.034076	1.1901	5.7917	2.9183e-06	0.051346	9.0315e-321	1.1718e-07	0.0076078	2.0953	7.3989e-06	1.6466e-05
24	0.0046987	8.3679	0.00017278	0.00055161	1.6331e-31	4.4185e-45	0.030369	1.7065e-11	0.0028242	0	0.10924	0.018444	0.00087353	1.4183e-07	0.9488	0.00044769	4.7073e-21	4.937e-06	0.69931	2.2961e-25	0.013132	6.0879	1.3258	0.018707	9.7674	0.03412	1.1929	5.7991	2.925e-06	0.051344	9.0463e-321	1.1365e-07	0.0076026	2.0992	7.4153e-06	1.6667e-05
24.118	0.004634	8.2884	0.00017277	0.00055163	9.7641e-32	2.6248e-45	0.030371	1.7067e-11	0.0027627	0	0.10932	0.018438	0.00087463	1.3989e-07	0.94973	0.00044221	4.7183e-21	4.9447e-06	0.7004	2.3261e-25	0.013163	6.085	1.3259	0.018748	9.7904	0.034165	1.1956	5.8064	2.9315e-06	0.051341	9.0661e-321	1.1023e-07	0.007605	2.1031	7.4314e-06	1.6866e-05
24.235	0.0045709	8.2107	0.00017277	0.00055165	5.838e-32	1.5593e-45	0.030373	1.7068e-11	0.0027023	0	0.1094	0.018431	0.00087571	1.38e-07	0.95064	0.00043671	4.7292e-21	4.9522e-06	0.70147	2.3558e-25	0.013193	6.0822	1.3259	0.018788	9.8131	0.034209	1.1983	5.8135	2.9379e-06	0.051338	9.0809e-321	1.0692e-07	0.0076151	2.1069	7.4471e-06	1.7062e-05
24.353	0.0045092	8.135	0.00017277	0.00055167	3.4906e-32	9.263e-46	0.030375	1.7069e-11	0.0026428	0	0.10948	0.018425	0.00087676	1.3614e-07	0.95154	0.00043116	4.7399e-21	4.9596e-06	0.70251	2.3853e-25	0.013223	6.0795	1.3259	0.018828	9.8353	0.034251	1.201	5.8205	2.9441e-06	0.051334	9.1007e-321	1.037e-07	0.0074883	2.1107	7.4626e-06	1.7256e-05
24.471	0.0044491	8.0612	0.00017277	0.00055169	2.087e-32	5.5027e-46	0.030378	1.707e-11	0.0025844	0	0.10956	0.01842	0.00087778	1.344e-07	0.95241	0.00042559	4.7504e-21	4.9668e-06	0.70354	2.4144e-25	0.013253	6.0767	1.326	0.018866	9.8571	0.034294	1.2035	5.8273	2.9503e-06	0.051331	9.1155e-321	1.0059e-07	0.0076066	2.1142	7.4778e-06	1.7447e-05
24.588	0.0043904	7.9893	0.00017276	0.00055171	1.2478e-32	3.2689e-46	0.03038	1.7072e-11	0.0025269	0	0.10963	0.018414	0.00087878	1.3268e-07	0.95328	0.00041998	4.7606e-21	4.9739e-06	0.70454	2.4433e-25	0.013282	6.0741	1.326	0.018905	9.8785	0.034336	1.2061	5.8339	2.9563e-06	0.051326	9.1303e-321	9.7571e-08	0.0075874	2.1178	7.4926e-06	1.7635e-05
24.706	0.0043332	7.9192	0.00017276	0.00055173	7.4609e-33	1.9419e-46	0.030382	1.7073e-11	0.0024704	0	0.1097	0.018408	0.00087975	1.3101e-07	0.95412	0.00041435	4.7707e-21	4.9807e-06	0.70552	2.4718e-25	0.01331	6.0715	1.3261	0.018942	9.8994	0.034377	1.2086	5.8404	2.9622e-06	0.051321	9.1452e-321	9.4648e-08	0.0075747	2.1213	7.5072e-06	1.7821e-05
24.824	0.0042774	7.8509	0.00017276	0.00055175	4.4609e-33	1.1536e-46	0.030384	1.7074e-11	0.0024148	0	0.10978	0.018403	0.0008807	1.294e-07	0.95495	0.00040869	4.7805e-21	4.9875e-06	0.70648	2.5e-25	0.013338	6.0689	1.3261	0.018979	9.92	0.034418	1.211	5.8467	2.968e-06	0.051316	9.16e-321	9.1819e-08	0.0075676	2.1247	7.5215e-06	1.8003e-05
24.941	0.0042231	7.7845	0.00017275	0.00055177	2.6672e-33	6.853e-47	0.030387	1.7075e-11	0.0023602	0	0.10985	0.018398	0.00088163	1.2784e-07	0.95576	0.000403	4.7902e-21	4.9941e-06	0.70741	2.5278e-25	0.013365	6.0664	1.3262	0.019015	9.9401	0.034458	1.2134	5.8529	2.9737e-06	0.05131	9.1748e-321	8.9081e-08	0.0075659	2.128	7.5355e-06	1.8182e-05
25.059	0.0041702	7.7199	0.00017275	0.00055179	1.5947e-33	4.071e-47	0.030389	1.7077e-11	0.0023066	0	0.10991	0.018393	0.00088252	1.2634e-07	0.95656	0.00039729	4.7997e-21	5.0005e-06	0.70833	2.5553e-25	0.013392	6.0639	1.3262	0.01905	9.9598	0.034497	1.2157	5.8589	2.9793e-06	0.051304	9.1896e-321	8.6432e-08	0.0075692	2.1312	7.5491e-06	1.8358e-05
25.176	0.0041187	7.657	0.00017275	0.0005518	9.5349e-34	2.4184e-47	0.030391	1.7078e-11	0.0022538	0	0.10998	0.018388	0.0008834	1.2489e-07	0.95734	0.00039157	4.8089e-21	5.0067e-06	0.70922	2.5824e-25	0.013418	6.0615	1.3262	0.019085	9.9791	0.034536	1.218	5.8647	2.9847e-06	0.051298	9.2044e-321	8.3871e-08	0.0075777	2.1343	7.5625e-06	1.8532e-05
25.294	0.0040686	7.5959	0.00017275	0.00055182	5.7009e-34	1.4367e-47	0.030393	1.7079e-11	0.002202	0	0.11005	0.018383	0.00088425	1.2348e-07	0.9581	0.00038582	4.8179e-21	5.0128e-06	0.71009	2.6091e-25	0.013443	6.0591	1.3263	0.019119	9.9979	0.034574	1.2202	5.8704	2.99e-06	0.051291	9.2193e-321	8.1396e-08	0.0075917	2.1373	7.5755e-06	1.8701e-05
25.412	0.0040199	7.5366	0.00017274	0.00055184	3.4086e-34	8.5346e-48	0.030395	1.708e-11	0.0021511	0	0.11011	0.018378	0.00088508	1.221e-07	0.95884	0.00038006	4.8268e-21	5.0188e-06	0.71093	2.6353e-25	0.013468	6.0568	1.3263	0.019152	10.016	0.034612	1.2224	5.876	2.9952e-06	0.051284	9.2341e-321	7.9004e-08	0.007477	2.1404	7.5883e-06	1.8868e-05
25.529	0.0039725	7.4789	0.00017274	0.00055185	2.038e-34	5.07e-48	0.030398	1.7081e-11	0.0021011	0	0.11017	0.018374	0.00088588	1.2082e-07	0.95957	0.00037429	4.8354e-21	5.0246e-06	0.71176	2.6612e-25	0.013492	6.0545	1.3263	0.019185	10.034	0.034648	1.2245	5.8814	3.0003e-06	0.051276	9.2489e-321	7.6695e-08	0.0075888	2.1432	7.6007e-06	1.9031e-05
25.647	0.0039266	7.423	0.00017274	0.00055187	1.2185e-34	3.0119e-48	0.0304	1.7083e-11	0.002052	0	0.11023	0.018369	0.00088666	1.1955e-07	0.96028	0.00036851	4.8438e-21	5.0302e-06	0.71256	2.6866e-25	0.013516	6.0523	1.3264	0.019217	10.052	0.034684	1.2266	5.8866	3.0052e-06	0.051268	9.2637e-321	7.4466e-08	0.0075716	2.146	7.6129e-06	1.9191e-05
25.765	0.003882	7.3688	0.00017274	0.00055188	7.2857e-35	1.7892e-48	0.030402	1.7084e-11	0.0020038	0	0.11029	0.018365	0.00088742	1.1834e-07	0.96097	0.00036272	4.852e-21	5.0357e-06	0.71334	2.7115e-25	0.013539	6.0502	1.3264	0.019248	10.069	0.03472	1.2286	5.8917	3.01e-06	0.05126	9.2786e-321	7.2317e-08	0.0075592	2.1488	7.6247e-06	1.9347e-05
25.882	0.0038387	7.3162	0.00017273	0.00055189	4.3562e-35	1.0629e-48	0.030404	1.7085e-11	0.0019565	0	0.11035	0.018361	0.00088816	1.1717e-07	0.96165	0.00035693	4.86e-21	5.0411e-06	0.7141	2.736e-25	0.013561	6.0481	1.3264	0.019278	10.086	0.034755	1.2306	5.8967	3.0147e-06	0.051251	9.2884e-321	7.0244e-08	0.007551	2.1514	7.6362e-06	1.95e-05
26	0.0037968	7.2653	0.00017273	0.00055191	2.6046e-35	6.3141e-49	0.030406	1.7086e-11	0.00191	0	0.1104	0.018357	0.00088887	1.1604e-07	0.96231	0.00035114	4.8678e-21	5.0463e-06	0.71484	2.76e-25	0.013583	6.046	1.3265	0.019308	10.102	0.034789	1.2325	5.9015	3.0193e-06	0.051242	9.2983e-321	6.8248e-08	0.0075465	2.154	7.6474e-06	1.965e-05
26.118	0.0037562	7.2161	0.00017273	0.00055192	1.5573e-35	3.7509e-49	0.030408	1.7087e-11	0.0018644	0	0.11045	0.018353	0.00088956	1.1496e-07	0.96295	0.00034536	4.8754e-21	5.0513e-06	0.71555	2.7835e-25	0.013604	6.044	1.3265	0.019337	10.118	0.034823	1.2344	5.9061	3.0237e-06	0.051233	9.3082e-321	6.6325e-08	0.0075455	2.1565	7.6583e-06	1.9795e-05
26.235	0.0037169	7.1684	0.00017273	0.00055193	9.311e-36	2.2283e-49	0.03041	1.7088e-11	0.0018196	0	0.11051	0.018349	0.00089023	1.1393e-07	0.96357	0.00033958	4.8827e-21	5.0562e-06	0.71625	2.8065e-25	0.013625	6.0421	1.3265	0.019365	10.133	0.034856	1.2362	5.9106	3.028e-06	0.051223	9.323e-321	6.4476e-08	0.0075477	2.1589	7.6689e-06	1.9937e-05
26.353	0.0036789	7.1224	0.00017273	0.00055194	5.5671e-36	1.3237e-49	0.030412	1.7089e-11	0.0017757	0	0.11056	0.018346	0.00089087	1.1294e-07	0.96417	0.00033381	4.8899e-21	5.0609e-06	0.71692	2.8289e-25	0.013645	6.0402	1.3266	0.019392	10.148	0.034889	1.2379	5.915	3.0322e-06	0.051213	9.3329e-321	6.2697e-08	0.0075533	2.1613	7.6792e-06	2.0075e-05
26.471	0.0036422	7.078	0.00017272	0.00055195	3.3286e-36	7.8635e-50	0.030414	1.709e-11	0.0017326	0	0.1106	0.018342	0.0008915	1.1199e-07	0.96476	0.00032806	4.8968e-21	5.0655e-06	0.71757	2.8508e-25	0.013665	6.0384	1.3266	0.019418	10.162	0.03492	1.2397	5.9192	3.0362e-06	0.051202	9.3428e-321	6.0989e-08	0.0075624	2.1635	7.6892e-06	2.021e-05
26.588	0.0036068	7.0352	0.00017272	0.00055196	1.9902e-36	4.6714e-50	0.030415	1.7091e-11	0.0016903	0	0.11065	0.018339	0.0008921	1.1109e-07	0.96532	0.00032233	4.9035e-21	5.0699e-06	0.7182	2.8722e-25	0.013684	6.0366	1.3266	0.019444	10.176	0.034952	1.2413	5.9233	3.0402e-06	0.051192	9.3527e-321	5.935e-08	0.0075753	2.1657	7.6988e-06	2.034e-05
26.706	0.0035727	6.9939	0.00017272	0.00055197	1.1899e-36	2.775e-50	0.030417	1.7092e-11	0.0016489	0	0.1107	0.018336	0.00089268	1.1023e-07	0.96587	0.00031662	4.91e-21	5.0742e-06	0.71881	2.8929e-25	0.013702	6.0349	1.3267	0.019469	10.19	0.034982	1.2429	5.9272	3.044e-06	0.051181	9.3625e-321	5.7777e-08	0.0075926	2.1678	7.7081e-06	2.0467e-05
26.824	0.0035398	6.9542	0.00017272	0.00055198	7.1146e-37	1.6485e-50	0.030419	1.7093e-11	0.0016083	0	0.11074	0.018333	0.00089324	1.0937e-07	0.9664	0.00031095	4.9163e-21	5.0783e-06	0.71939	2.9131e-25	0.01372	6.0332	1.3267	0.019493	10.203	0.035012	1.2444	5.931	3.0476e-06	0.051169	9.3724e-321	5.6271e-08	0.007489	2.1699	7.7172e-06	2.059e-05
26.941	0.0035082	6.916	0.00017272	0.00055199	4.2539e-37	9.7931e-51	0.030421	1.7094e-11	0.0015685	0	0.11078	0.01833	0.00089378	1.0862e-07	0.96691	0.00030531	4.9223e-21	5.0822e-06	0.71996	2.9327e-25	0.013737	6.0316	1.3267	0.019516	10.216	0.035042	1.2459	5.9347	3.0512e-06	0.051158	9.3823e-321	5.483e-08	0.0075968	2.1718	7.7259e-06	2.0708e-05
27.059	0.0034779	6.8794	0.00017271	0.000552	2.5434e-37	5.8177e-51	0.030422	1.7095e-11	0.0015295	0	0.11082	0.018327	0.0008943	1.0787e-07	0.96741	0.00029971	4.9281e-21	5.0861e-06	0.7205	2.9517e-25	0.013753	6.03	1.3267	0.019539	10.228	0.035071	1.2474	5.9382	3.0546e-06	0.051146	9.3922e-321	5.3452e-08	0.0075839	2.1737	7.7342e-06	2.0823e-05
27.176	0.0034488	6.8443	0.00017271	0.00055201	1.5207e-37	3.456e-51	0.030424	1.7096e-11	0.0014913	0	0.11086	0.018324	0.00089479	1.0716e-07	0.96788	0.00029417	4.9338e-21	5.0897e-06	0.72102	2.9701e-25	0.013769	6.0285	1.3268	0.01956	10.24	0.035099	1.2488	5.9415	3.0579e-06	0.051134	9.4021e-321	5.2137e-08	0.0075754	2.1755	7.7423e-06	2.0934e-05
27.294	0.0034209	6.8106	0.00017271	0.00055202	9.0924e-38	2.0531e-51	0.030425	1.7097e-11	0.0014539	0	0.1109	0.018322	0.00089527	1.0649e-07	0.96834	0.00028867	4.9391e-21	5.0933e-06	0.72153	2.9879e-25	0.013784	6.0271	1.3268	0.019581	10.251	0.035126	1.2501	5.9447	3.061e-06	0.051121	9.407e-321	5.0884e-08	0.007571	2.1773	7.75e-06	2.104e-05
27.412	0.0033942	6.7785	0.00017271	0.00055202	5.4364e-38	1.2196e-51	0.030427	1.7098e-11	0.0014174	0	0.11093	0.018319	0.00089572	1.0586e-07	0.96878	0.00028324	4.9443e-21	5.0966e-06	0.72201	3.005e-25	0.013798	6.0257	1.3268	0.019601	10.262	0.035153	1.2514	5.9478	3.064e-06	0.051109	9.4169e-321	4.969e-08	0.0075703	2.1789	7.7575e-06	2.1143e-05
27.529	0.0033688	6.7479	0.00017271	0.00055203	3.2504e-38	7.2452e-52	0.030428	1.7099e-11	0.0013816	0	0.11097	0.018317	0.00089615	1.0527e-07	0.9692	0.00027788	4.9493e-21	5.0998e-06	0.72246	3.0214e-25	0.013812	6.0244	1.3268	0.01962	10.272	0.035179	1.2526	5.9507	3.0669e-06	0.051096	9.4268e-321	4.8557e-08	0.0075733	2.1805	7.7646e-06	2.1241e-05
27.647	0.0033446	6.7188	0.00017271	0.00055204	1.9434e-38	4.3041e-52	0.03043	1.71e-11	0.0013467	0	0.111	0.018314	0.00089656	1.0472e-07	0.9696	0.0002726	4.954e-21	5.1029e-06	0.7229	3.0372e-25	0.013826	6.0232	1.3268	0.019638	10.282	0.035205	1.2537	5.9535	3.0697e-06	0.051083	9.4317e-321	4.7482e-08	0.0075801	2.182	7.7713e-06	2.1335e-05
27.765	0.0033216	6.6911	0.0001727	0.00055204	1.162e-38	2.5568e-52	0.030431	1.71e-11	0.0013126	0	0.11103	0.018312	0.00089696	1.0421e-07	0.96998	0.00026741	4.9585e-21	5.1058e-06	0.72332	3.0523e-25	0.013838	6.022	1.3269	0.019656	10.291	0.03523	1.2549	5.9562	3.0723e-06	0.051069	9.4367e-321	4.6465e-08	0.0075908	2.1835	7.7778e-06	2.1424e-05
27.882	0.0032998	6.6649	0.0001727	0.00055205	6.9476e-39	1.5189e-52	0.030432	1.7101e-11	0.0012793	0	0.11106	0.01831	0.00089733	1.0373e-07	0.97034	0.00026232	4.9628e-21	5.1086e-06	0.72371	3.0668e-25	0.01385	6.0208	1.3269	0.019672	10.3	0.035254	1.2559	5.9587	3.0748e-06	0.051056	9.4416e-321	4.5505e-08	0.007606	2.1848	7.7839e-06	2.1509e-05
28	0.0032792	6.6401	0.0001727	0.00055206	4.154e-39	9.0231e-53	0.030433	1.7102e-11	0.0012469	0	0.11109	0.018308	0.00089768	1.0326e-07	0.97068	0.00025734	4.9668e-21	5.1112e-06	0.72408	3.0805e-25	0.013862	6.0197	1.3269	0.019688	10.309	0.035277	1.2569	5.9611	3.0771e-06	0.051042	9.4465e-321	4.46e-08	0.0075045	2.1862	7.7897e-06	2.159e-05
28.118	0.0032598	6.6168	0.0001727	0.00055206	2.4837e-39	5.3602e-53	0.030435	1.7102e-11	0.0012154	0	0.11111	0.018306	0.00089801	1.0288e-07	0.97101	0.00025249	4.9706e-21	5.1137e-06	0.72444	3.0935e-25	0.013873	6.0187	1.3269	0.019703	10.317	0.0353	1.2578	5.9634	3.0794e-06	0.051029	9.4515e-321	4.3751e-08	0.0076077	2.1873	7.7952e-06	2.1667e-05
28.235	0.0032416	6.5949	0.0001727	0.00055207	1.485e-39	3.1843e-53	0.030436	1.7103e-11	0.0011848	0	0.11114	0.018305	0.00089832	1.025e-07	0.97131	0.00024777	4.9742e-21	5.116e-06	0.72477	3.1058e-25	0.013883	6.0177	1.3269	0.019717	10.324	0.035322	1.2587	5.9655	3.0815e-06	0.051015	9.4564e-321	4.2957e-08	0.0075941	2.1885	7.8004e-06	2.1739e-05
28.353	0.0032246	6.5745	0.0001727	0.00055207	8.8789e-40	1.8916e-53	0.030437	1.7103e-11	0.0011551	0	0.11116	0.018303	0.00089861	1.0216e-07	0.97159	0.0002432	4.9776e-21	5.1182e-06	0.72508	3.1174e-25	0.013892	6.0168	1.3269	0.01973	10.331	0.035343	1.2596	5.9674	3.0834e-06	0.051001	9.4614e-321	4.2217e-08	0.0075848	2.1896	7.8052e-06	2.1806e-05
28.471	0.0032087	6.5555	0.0001727	0.00055207	5.3087e-40	1.1237e-53	0.030438	1.7104e-11	0.0011264	0	0.11118	0.018302	0.00089888	1.0185e-07	0.97186	0.0002388	4.9808e-21	5.1202e-06	0.72537	3.1282e-25	0.013901	6.016	1.327	0.019742	10.338	0.035364	1.2603	5.9693	3.0852e-06	0.050988	9.4663e-321	4.153e-08	0.0075795	2.1906	7.8097e-06	2.1869e-05
28.588	0.0031941	6.5379	0.00017269	0.00055208	3.1741e-40	6.6755e-54	0.030438	1.7104e-11	0.0010987	0	0.1112	0.0183	0.00089913	1.0158e-07	0.97211	0.00023458	4.9837e-21	5.1221e-06	0.72563	3.1383e-25	0.013909	6.0152	1.327	0.019753	10.344	0.035383	1.2611	5.971	3.0869e-06	0.050974	9.4663e-321	4.0896e-08	0.0075779	2.1915	7.8139e-06	2.1928e-05
28.706	0.0031806	6.5217	0.00017269	0.00055208	1.8978e-40	3.9657e-54	0.030439	1.7105e-11	0.0010722	0	0.11122	0.018299	0.00089936	1.0134e-07	0.97233	0.00023057	4.9864e-21	5.1238e-06	0.72588	3.1476e-25	0.013917	6.0145	1.327	0.019764	10.35	0.035402	1.2617	5.9725	3.0885e-06	0.050961	9.4712e-321	4.0314e-08	0.0075798	2.1923	7.8177e-06	2.1982e-05
28.824	0.0031683	6.5069	0.00017269	0.00055208	1.1347e-40	2.3559e-54	0.03044	1.7105e-11	0.0010468	0	0.11124	0.018298	0.00089957	1.0113e-07	0.97254	0.00022678	4.9888e-21	5.1254e-06	0.7261	3.1562e-25	0.013924	6.0138	1.327	0.019773	10.355	0.03542	1.2623	5.974	3.0899e-06	0.050948	9.4762e-321	3.9785e-08	0.0075852	2.1931	7.8213e-06	2.2031e-05
28.941	0.0031571	6.4936	0.00017269	0.00055209	6.7851e-41	1.3996e-54	0.030441	1.7106e-11	0.0010227	0	0.11125	0.018297	0.00089976	1.0095e-07	0.97273	0.00022324	4.991e-21	5.1268e-06	0.72631	3.164e-25	0.01393	6.0132	1.327	0.019782	10.359	0.035437	1.2629	5.9752	3.0912e-06	0.050935	9.4762e-321	3.9306e-08	0.0075944	2.1938	7.8244e-06	2.2076e-05
29.059	0.0031472	6.4816	0.00017269	0.00055209	4.0575e-41	8.3156e-55	0.030441	1.7106e-11	0.0010001	0	0.11127	0.018296	0.00089993	1.008e-07	0.9729	0.00021997	4.993e-21	5.1281e-06	0.72649	3.171e-25	0.013936	6.0127	1.327	0.01979	10.364	0.035452	1.2634	5.9764	3.0923e-06	0.050923	9.4762e-321	3.8879e-08	0.0076078	2.1944	7.8273e-06	2.2116e-05
29.176	0.0031384	6.4711	0.00017269	0.00055209	2.4272e-41	4.9421e-55	0.030442	1.7106e-11	0.00097899	0	0.11128	0.018295	0.00090008	1.0065e-07	0.97305	0.00021699	4.9948e-21	5.1292e-06	0.72665	3.1772e-25	0.013941	6.0122	1.327	0.019797	10.367	0.035467	1.2638	5.9774	3.0933e-06	0.050911	9.4811e-321	3.8503e-08	0.0075065	2.1951	7.8298e-06	2.2152e-05
29.294	0.0031308	6.462	0.00017269	0.00055209	1.4532e-41	2.9395e-55	0.030442	1.7107e-11	0.00095964	0	0.11129	0.018295	0.00090021	1.0057e-07	0.97317	0.00021433	4.9963e-21	5.1302e-06	0.72679	3.1826e-25	0.013945	6.0118	1.327	0.019803	10.37	0.03548	1.2642	5.9783	3.0942e-06	0.050901	9.4811e-321	3.8177e-08	0.0076055	2.1955	7.832e-06	2.2183e-05
29.412	0.0031243	6.4542	0.00017269	0.00055209	8.7211e-42	1.7524e-55	0.030443	1.7107e-11	0.00094226	0	0.1113	0.018294	0.00090032	1.0049e-07	0.97328	0.00021202	4.9976e-21	5.131e-06	0.72691	3.1872e-25	0.013949	6.0115	1.327	0.019808	10.373	0.035491	1.2645	5.979	3.095e-06	0.050892	9.4811e-321	3.7901e-08	0.0075897	2.1959	7.8339e-06	2.2209e-05
29.529	0.003119	6.4479	0.00017269	0.0005521	5.2687e-42	1.0514e-55	0.030443	1.7107e-11	0.00092711	0	0.1113	0.018293	0.00090041	1.0043e-07	0.97337	0.00021007	4.9987e-21	5.1317e-06	0.727	3.191e-25	0.013951	6.0112	1.327	0.019812	10.375	0.035501	1.2647	5.9797	3.0956e-06	0.050884	9.4811e-321	3.7676e-08	0.0075776	2.1962	7.8354e-06	2.223e-05
29.647	0.0031149	6.443	0.00017269	0.0005521	3.2412e-42	6.4209e-56	0.030443	1.7107e-11	0.00091452	0	0.11131	0.018293	0.00090048	1.0038e-07	0.97344	0.00020853	4.9995e-21	5.1322e-06	0.72708	3.1939e-25	0.013954	6.011	1.327	0.019815	10.377	0.03551	1.2649	5.9801	3.096e-06	0.050877	9.4811e-321	3.7501e-08	0.0075688	2.1965	7.8366e-06	2.2247e-05
29.765	0.003112	6.4395	0.00017269	0.0005521	2.0901e-42	4.1088e-56	0.030443	1.7107e-11	0.00090487	0	0.11131	0.018293	0.00090053	1.0035e-07	0.97349	0.0002074	5.0001e-21	5.1326e-06	0.72713	3.196e-25	0.013955	6.0108	1.327	0.019817	10.378	0.035515	1.2651	5.9805	3.0964e-06	0.050872	9.4811e-321	3.7376e-08	0.0075628	2.1967	7.8374e-06	2.2259e-05
29.882	0.0031102	6.4373	0.00017269	0.0005521	1.5042e-42	2.9365e-56	0.030444	1.7107e-11	0.00089863	0	0.11132	0.018293	0.00090056	1.0033e-07	0.97352	0.00020671	5.0004e-21	5.1328e-06	0.72717	3.1973e-25	0.013956	6.0107	1.327	0.019819	10.379	0.035519	1.2652	5.9807	3.0966e-06	0.050869	9.4811e-321	3.7301e-08	0.0075593	2.1968	7.8379e-06	2.2266e-05
30	0.0031096	6.4366	0.00017269	0.0005521	1.325e-42	2.5788e-56	0.030444	1.7107e-11	0.00089636	0	0.11132	0.018293	0.00090057	1.0031e-07	0.97353	0.00020648	5.0006e-21	5.1329e-06	0.72718	3.1977e-25	0.013957	6.0107	1.327	0.019819	10.379	0.035521	1.2652	5.9807	3.0966e-06	0.050869	9.4811e-321	3.7276e-08	0.0075581	2.1968	7.8381e-06	2.2268e-05
