z	 POPzt	 POCzt	 DOPzt	 DOCzt	 O2zt	 NO3zt	 NH4zt	 NH3zt	 FeOH3zt	 FeOOHzt	 Fe2zt	 SO4zt	 H2Szt	 HSzt	 PO4zt	 PO4adsazt	 PO4adsbzt	 S0zt	 S8zt	 FeSzt	 FeS2zt	 AlOH3zt	 Ca2zt	 Ca3PO42zt	 OMSzt	 Hzt	 CaCO3zt	 CO2zt	 CO3zt	 HCO3zt	 H2CO3zt	 Chlzt	 CH4aq	 CH4g	 FeCO3	 Fe3PO42	 PO4adsc
0	372.81	15669	0.00024366	0.00029041	0.35046	1.2907	0.0059368	0	1805.2	22.377	2.3836e-16	1.2343e-05	0	2.6526e-15	0.00040544	663.36	78.903	0	369.82	9.1855e-09	0.00055687	0.18874	0.00028796	3.2821e-320	5.8148	3.1623e-05	108.66	0.15019	0.00034985	0.42586	0	0.76526	0	0	0.0507	0.019273	7.3478e-06
0.1	372.14	15514	0.0002438	0.0002907	0.19631	0.71094	0.045138	2.0869e-11	1776.7	22.375	0.043981	0.0002344	2.4942e-14	2.2512e-14	0.0034466	663.34	78.904	0.00046481	369.85	1.7283e-07	0.0021966	0.18784	0.0020442	3.2885e-320	5.8148	3.1623e-05	107.7	0.17705	0.00075435	0.84589	4.4466e-323	0.76141	2.0065e-14	5.4347e-323	1.8019	0.6852	0.00026113
0.2	371.78	15412	0.00024396	0.00029109	0.064219	0.21365	0.080812	3.9255e-11	1742.7	22.368	0.10054	0.00043676	3.228e-14	3.6141e-14	0.0057453	663.16	78.904	0.00077998	369.93	3.1733e-06	0.0094222	0.18692	0.0037761	3.2821e-320	5.8148	3.1623e-05	106.72	0.1944	0.0010674	1.1973	8.8932e-323	0.76203	8.5097e-14	1.1364e-322	3.583	1.3962	0.00051775
0.3	371.56	15334	0.00024413	0.00029156	0.01785	0.05853	0.10431	5.3803e-11	1705.3	22.354	0.16766	0.00061247	2.5563e-14	4.0185e-14	0.0075664	662.78	78.903	0.00097456	370.04	2.2494e-05	0.023544	0.186	0.0054778	3.2821e-320	5.8148	3.1623e-05	105.72	0.19465	0.0012835	1.4563	1.2846e-322	0.76424	3.4084e-13	1.6798e-322	5.3697	2.178	0.00077271
0.4	371.49	15277	0.00024431	0.00029211	0.0049615	0.016035	0.12055	6.4087e-11	1667	22.336	0.2391	0.00076708	1.1624e-14	3.1156e-14	0.0090455	662.12	78.903	0.0010948	370.17	7.3733e-05	0.042415	0.18509	0.0071504	3.2821e-320	5.8148	3.1623e-05	104.7	0.19365	0.0014278	1.6308	1.7292e-322	0.76799	1.0547e-12	2.2727e-322	7.1628	3.0689	0.0010253
0.5	371.51	15238	0.00024452	0.00029274	0.0013791	0.0043929	0.13118	7.1198e-11	1628.9	22.315	0.31071	0.00090984	2.777e-15	1.3562e-14	0.010208	661.12	78.902	0.0011691	370.3	0.00015392	0.063611	0.18419	0.0087948	3.2821e-320	5.8148	3.1623e-05	103.66	0.1856	0.0015195	1.7373	2.1245e-322	0.77281	2.2534e-12	2.915e-322	8.9633	4.11	0.0012751
0.6	371.59	15206	0.00024474	0.00029342	0.00038332	0.0012035	0.138	7.61e-11	1591.9	22.294	0.38024	0.0010473	6.634e-16	4.0879e-15	0.011066	659.76	78.901	0.0012152	370.44	0.00025072	0.085728	0.18331	0.010412	3.2821e-320	5.8148	3.1623e-05	102.61	0.18795	0.0015792	1.801	2.5691e-322	0.77774	3.9937e-12	3.4585e-322	10.772	5.342	0.0015216
0.7	371.66	15175	0.00024498	0.00029415	0.00010654	0.0003297	0.14288	7.9598e-11	1556.3	22.273	0.44657	0.0011829	1.5848e-16	9.7657e-16	0.011591	658.03	78.9	0.0012438	370.59	0.00035484	0.10816	0.18245	0.012003	3.2821e-320	5.8148	3.1623e-05	101.56	0.19202	0.0016228	1.8463	2.9644e-322	0.78211	6.037e-12	4.0019e-322	12.589	6.7991	0.0017645
0.8	371.72	15142	0.00024524	0.00029492	2.9615e-05	9.0325e-05	0.14704	8.232e-11	1522.1	22.252	0.50925	0.001318	3.7861e-17	2.333e-16	0.011743	655.93	78.898	0.0012616	370.74	0.0004617	0.13067	0.18162	0.013568	3.2821e-320	5.8148	3.1623e-05	100.51	0.1961	0.0016591	1.8853	3.3596e-322	0.78577	8.231e-12	4.5454e-322	14.416	8.5001	0.0020037
0.9	371.77	15107	0.00024551	0.00029573	8.2315e-06	2.4745e-05	0.15094	8.4676e-11	1489.5	22.232	0.56824	0.0014531	9.0447e-18	5.5733e-17	0.011537	653.46	78.896	0.0012728	370.89	0.0005695	0.1532	0.18082	0.015108	3.2821e-320	5.8148	3.1623e-05	99.457	0.20001	0.0016923	1.9221	3.7549e-322	0.78877	1.0498e-11	5.0889e-322	16.254	10.443	0.0022391
1	371.8	15071	0.0002458	0.00029656	2.288e-06	6.7792e-06	0.15473	8.6866e-11	1458.5	22.212	0.62372	0.0015884	2.1607e-18	1.3314e-17	0.011054	650.65	78.893	0.0012799	371.03	0.00067762	0.17571	0.18005	0.016625	3.2821e-320	5.8148	3.1623e-05	98.408	0.20379	0.001724	1.9577	4.1502e-322	0.79123	1.2809e-11	5.6323e-322	18.102	12.607	0.0024709
1.1	371.82	15035	0.0002461	0.00029742	6.3596e-07	1.8572e-06	0.15844	8.8975e-11	1428.9	22.192	0.67604	0.0017239	5.1619e-19	3.1807e-18	0.010415	647.51	78.89	0.0012845	371.18	0.00078591	0.1982	0.17931	0.018118	3.2821e-320	5.8148	3.1623e-05	97.365	0.20747	0.0017548	1.9925	4.5454e-322	0.79327	1.5166e-11	6.1758e-322	19.962	14.96	0.0026991
1.2	371.83	14998	0.00024641	0.00029829	1.7677e-07	5.0881e-07	0.1621	9.1033e-11	1400.8	22.173	0.72554	0.0018597	1.2331e-19	7.5986e-19	0.0097269	644.1	78.886	0.0012876	371.33	0.000895	0.22069	0.1786	0.019589	3.2821e-320	5.8148	3.1623e-05	96.33	0.21107	0.0017849	2.0267	4.9901e-322	0.79501	1.7578e-11	6.8181e-322	21.834	17.469	0.0029241
1.3	371.83	14961	0.00024673	0.00029918	4.9133e-08	1.3939e-07	0.16569	9.3047e-11	1374.1	22.154	0.77254	0.0019957	2.9459e-20	1.8153e-19	0.009062	640.44	78.883	0.0012896	371.48	0.0010052	0.24319	0.17792	0.021037	3.2821e-320	5.8148	3.1623e-05	95.303	0.21459	0.0018143	2.0602	5.3853e-322	0.79656	2.0063e-11	7.411e-322	23.718	20.108	0.0031461
1.4	371.83	14925	0.00024706	0.00030006	1.3657e-08	3.8188e-08	0.1692	9.5018e-11	1348.5	22.136	0.81729	0.0021319	7.0376e-21	4.3365e-20	0.0084544	636.56	78.879	0.0012911	371.63	0.0011165	0.26569	0.17726	0.022465	3.2821e-320	5.8148	3.1623e-05	94.285	0.21802	0.001843	2.0929	5.7806e-322	0.79799	2.2634e-11	8.0039e-322	25.616	22.855	0.0033654
1.5	371.81	14888	0.0002474	0.00030093	3.796e-09	1.0462e-08	0.17264	9.6943e-11	1324.2	22.117	0.85999	0.0022683	1.6812e-21	1.036e-20	0.0079131	632.5	78.874	0.0012922	371.78	0.0012292	0.2882	0.17663	0.023872	3.2821e-320	5.8148	3.1623e-05	93.275	0.22135	0.0018708	2.1247	6.1758e-322	0.79939	2.5301e-11	8.5473e-322	27.526	25.693	0.0035822
1.6	371.8	14853	0.00024774	0.00030178	1.0551e-09	2.8661e-09	0.17598	9.8818e-11	1300.8	22.099	0.90079	0.0024048	4.0164e-22	2.4749e-21	0.0074354	628.29	78.87	0.0012931	371.93	0.0013433	0.31073	0.17602	0.025259	3.2821e-320	5.8148	3.1623e-05	92.275	0.22457	0.0018976	2.1553	6.5711e-322	0.80082	2.8073e-11	9.0908e-322	29.451	28.611	0.0037967
1.7	371.77	14818	0.00024809	0.00030261	2.9327e-10	7.852e-10	0.17923	1.0064e-10	1278.4	22.081	0.93983	0.0025416	9.5949e-23	5.9124e-22	0.0070145	623.94	78.865	0.0012938	372.08	0.0014588	0.33326	0.17542	0.026626	3.2821e-320	5.8148	3.1623e-05	91.283	0.22768	0.0019234	2.1848	7.0157e-322	0.80234	3.0957e-11	9.6343e-322	31.389	31.599	0.004009
1.8	371.74	14782	0.00024843	0.00030341	8.1517e-11	2.1511e-10	0.18238	1.0241e-10	1256.8	22.063	0.97723	0.0026785	2.2922e-23	1.4124e-22	0.0066428	619.47	78.86	0.0012945	372.22	0.001576	0.35582	0.17484	0.027974	3.2821e-320	5.8148	3.1623e-05	90.299	0.23067	0.0019481	2.2132	7.411e-322	0.80396	3.3963e-11	1.0178e-321	33.342	34.646	0.0042194
1.9	371.7	14748	0.00024877	0.00030418	2.2658e-11	5.8932e-11	0.18543	1.0413e-10	1235.9	22.046	1.0131	0.0028157	5.4759e-24	3.3742e-23	0.006314	614.9	78.855	0.0012951	372.37	0.0016947	0.3784	0.17428	0.029304	3.2821e-320	5.8148	3.1623e-05	89.323	0.23354	0.0019719	2.2405	7.8062e-322	0.80573	3.7099e-11	1.0771e-321	35.31	37.747	0.0044279
2	371.66	14713	0.00024912	0.0003049	6.2979e-12	1.6145e-11	0.1884	1.058e-10	1215.6	22.028	1.0475	0.002953	1.3082e-24	8.0608e-24	0.0060235	610.24	78.85	0.0012956	372.52	0.0018153	0.40099	0.17372	0.030616	3.2821e-320	5.8148	3.1623e-05	88.355	0.2363	0.0019948	2.2667	8.1521e-322	0.80765	4.0373e-11	1.1314e-321	37.293	40.894	0.0046347
2.1	371.61	14678	0.00024945	0.00030558	1.7505e-12	4.4231e-12	0.19129	1.0743e-10	1195.9	22.011	1.0806	0.0030905	3.1251e-25	1.9257e-24	0.0057683	605.51	78.844	0.0012962	372.66	0.0019376	0.42362	0.17318	0.031911	3.2821e-320	5.8148	3.1623e-05	87.393	0.23896	0.0020166	2.2919	8.5967e-322	0.80974	4.3793e-11	1.1907e-321	39.29	44.082	0.0048398
2.2	371.55	14643	0.00024978	0.00030621	4.8657e-13	1.2117e-12	0.19408	1.09e-10	1176.8	21.994	1.1123	0.0032283	7.4657e-26	4.6003e-25	0.0055426	600.72	78.838	0.0012967	372.81	0.0020618	0.44627	0.17264	0.033188	3.2821e-320	5.8148	3.1623e-05	86.439	0.24151	0.0020376	2.3161	8.992e-322	0.812	4.7369e-11	1.2401e-321	41.303	47.305	0.0050434
2.3	371.49	14607	0.00025011	0.00030679	1.3524e-13	3.3197e-13	0.1968	1.1053e-10	1158	21.977	1.1428	0.0033662	1.7835e-26	1.099e-25	0.0053353	595.88	78.833	0.0012972	372.96	0.0021879	0.46896	0.1721	0.034449	3.2821e-320	5.8148	3.1623e-05	85.491	0.24396	0.0020578	2.3394	9.4367e-322	0.81443	5.1107e-11	1.2945e-321	43.331	50.559	0.0052456
2.4	371.42	14571	0.00025043	0.00030732	3.7592e-14	9.0945e-14	0.19944	1.1201e-10	1139.7	21.96	1.1722	0.0035044	4.2607e-27	2.6254e-26	0.0051416	590.99	78.827	0.0012977	373.1	0.002316	0.49168	0.17157	0.035693	3.2821e-320	5.8148	3.1623e-05	84.55	0.24632	0.0020771	2.3617	9.8319e-322	0.81702	5.5016e-11	1.3488e-321	45.375	53.84	0.0054464
2.5	371.34	14535	0.00025075	0.0003078	1.0449e-14	2.4915e-14	0.202	1.1345e-10	1121.7	21.943	1.2004	0.0036427	1.0179e-27	6.272e-27	0.0049653	586.06	78.821	0.0012982	373.25	0.0024462	0.51443	0.17104	0.036922	3.2821e-320	5.8148	3.1623e-05	83.616	0.24858	0.0020956	2.3832	1.0178e-321	0.81976	5.9105e-11	1.3982e-321	47.434	57.145	0.0056458
2.6	371.26	14499	0.00025105	0.00030822	2.9043e-15	6.8258e-15	0.20449	1.1485e-10	1104	21.926	1.2276	0.0037812	2.4316e-28	1.4984e-27	0.0048062	581.11	78.814	0.0012987	373.39	0.0025786	0.53723	0.17051	0.038135	3.2821e-320	5.8148	3.1623e-05	82.687	0.25076	0.0021133	2.4038	1.0622e-321	0.82265	6.3382e-11	1.4575e-321	49.508	60.47	0.005844
2.7	371.17	14462	0.00025135	0.00030859	8.0726e-16	1.87e-15	0.2069	1.1621e-10	1086.7	21.909	1.2538	0.00392	5.809e-29	3.5795e-28	0.0046564	576.13	78.808	0.0012992	373.54	0.0027131	0.56007	0.16998	0.039333	3.2821e-320	5.8149	3.1623e-05	81.765	0.25285	0.0021303	2.4237	1.1067e-321	0.82566	6.7856e-11	1.5118e-321	51.598	63.812	0.006041
2.8	371.07	14424	0.00025165	0.0003089	2.2438e-16	5.123e-16	0.20924	1.1753e-10	1069.6	21.893	1.279	0.004059	1.3877e-29	8.5512e-29	0.004508	571.14	78.802	0.0012997	373.68	0.0028499	0.58296	0.16946	0.040516	3.2821e-320	5.8149	3.1623e-05	80.85	0.25486	0.0021466	2.4427	1.1512e-321	0.82878	7.2534e-11	1.5761e-321	53.703	67.168	0.0062368
2.9	370.97	14386	0.00025193	0.00030916	6.2368e-17	1.4035e-16	0.21152	1.1881e-10	1052.8	21.876	1.3032	0.0041981	3.3152e-30	2.0428e-29	0.004373	566.13	78.795	0.0013002	373.82	0.002989	0.60589	0.16893	0.041685	3.2821e-320	5.8149	3.1623e-05	79.941	0.25679	0.0021623	2.461	1.1907e-321	0.83199	7.7426e-11	1.6354e-321	55.823	70.537	0.0064315
3	370.87	14348	0.00025221	0.00030937	1.7335e-17	3.845e-17	0.21373	1.2005e-10	1036.2	21.859	1.3266	0.0043375	7.9199e-31	4.8802e-30	0.0042629	561.12	78.789	0.0013007	373.97	0.0031304	0.62888	0.16841	0.04284	3.2821e-320	5.8149	3.1623e-05	79.038	0.25865	0.0021773	2.4786	1.2253e-321	0.83528	8.2539e-11	1.6946e-321	57.959	73.915	0.0066252
3.1	370.75	14309	0.00025248	0.00030954	4.8185e-18	1.0534e-17	0.21587	1.2126e-10	1019.9	21.842	1.3492	0.0044771	1.892e-31	1.1659e-30	0.0041771	556.11	78.782	0.0013012	374.11	0.0032742	0.65193	0.16788	0.043981	3.2821e-320	5.8149	3.1623e-05	78.141	0.26044	0.0021916	2.4956	1.2648e-321	0.83863	8.7882e-11	1.749e-321	60.109	77.299	0.0068178
3.2	370.63	14269	0.00025275	0.00030965	1.3393e-18	2.8858e-18	0.21795	1.2243e-10	1003.7	21.826	1.371	0.0046168	4.5199e-32	2.7852e-31	0.0041099	551.09	78.775	0.0013017	374.25	0.0034206	0.67503	0.16735	0.045108	3.2821e-320	5.8149	3.1623e-05	77.251	0.26215	0.0022054	2.5118	1.3043e-321	0.84203	9.3464e-11	1.8083e-321	62.274	80.687	0.0070094
3.3	370.51	14229	0.00025301	0.00030972	3.7227e-19	7.9059e-19	0.21997	1.2356e-10	987.86	21.809	1.392	0.0047568	1.0798e-32	6.6536e-32	0.0040552	546.08	78.769	0.0013022	374.39	0.0035694	0.6982	0.16682	0.046222	3.2821e-320	5.8149	3.1623e-05	76.367	0.26381	0.0022186	2.5275	1.3439e-321	0.84545	9.9294e-11	1.8626e-321	64.453	84.079	0.0072
3.4	370.38	14189	0.00025326	0.00030975	1.0347e-19	2.1659e-19	0.22194	1.2467e-10	972.2	21.793	1.4122	0.004897	2.5795e-33	1.5895e-32	0.0040088	541.07	78.762	0.0013027	374.54	0.0037207	0.72142	0.16629	0.047323	3.2821e-320	5.8149	3.1623e-05	75.49	0.2654	0.0022313	2.5425	1.3883e-321	0.84888	1.0538e-10	1.9269e-321	66.647	87.476	0.0073896
3.5	370.25	14149	0.00025351	0.00030973	2.8761e-20	5.9336e-20	0.22384	1.2574e-10	956.75	21.776	1.4316	0.0050374	6.1624e-34	3.7972e-33	0.0039678	536.08	78.755	0.0013032	374.68	0.0038747	0.74472	0.16576	0.048411	3.2821e-320	5.8149	3.1623e-05	74.619	0.26692	0.0022435	2.557	1.4278e-321	0.85232	1.1173e-10	1.9861e-321	68.854	90.875	0.0075783
3.6	370.11	14107	0.00025376	0.00030968	7.9943e-21	1.6256e-20	0.22569	1.2678e-10	941.51	21.759	1.4504	0.005178	1.4722e-34	9.0714e-34	0.0039304	531.09	78.748	0.0013037	374.82	0.0040313	0.76808	0.16523	0.049487	3.2821e-320	5.8149	3.1623e-05	73.755	0.2684	0.0022551	2.5709	1.4674e-321	0.85574	1.1835e-10	2.0454e-321	71.075	94.276	0.0077661
3.7	369.97	14066	0.000254	0.00030959	2.2221e-21	4.4534e-21	0.22748	1.2779e-10	926.49	21.743	1.4684	0.0053188	3.5169e-35	2.1671e-34	0.0038957	526.11	78.741	0.0013042	374.96	0.0041906	0.79151	0.1647	0.050551	3.2821e-320	5.8149	3.1623e-05	72.898	0.26981	0.0022663	2.5843	1.502e-321	0.85914	1.2526e-10	2.1047e-321	73.31	97.68	0.0079529
3.8	369.83	14024	0.00025423	0.00030947	6.1763e-22	1.2201e-21	0.22923	1.2877e-10	911.67	21.726	1.4857	0.0054598	8.4016e-36	5.1771e-35	0.0038629	521.14	78.733	0.0013047	375.1	0.0043526	0.81501	0.16417	0.051603	3.2821e-320	5.8149	3.1623e-05	72.048	0.27118	0.002277	2.5972	1.5415e-321	0.8625	1.3245e-10	2.164e-321	75.557	101.08	0.0081388
3.9	369.68	13982	0.00025446	0.00030931	1.7167e-22	3.3424e-22	0.23092	1.2972e-10	897.07	21.709	1.5024	0.005601	2.0071e-36	1.2368e-35	0.0038317	516.19	78.726	0.0013052	375.24	0.0045174	0.83859	0.16364	0.052642	3.2821e-320	5.8149	3.1623e-05	71.205	0.27249	0.0022873	2.6096	1.5761e-321	0.86583	1.3994e-10	2.2282e-321	77.817	104.49	0.0083238
4	369.53	13940	0.00025469	0.00030913	4.7717e-23	9.1569e-23	0.23256	1.3065e-10	882.67	21.693	1.5184	0.0057424	4.7949e-37	2.9546e-36	0.0038018	511.25	78.719	0.0013057	375.38	0.004685	0.86224	0.16311	0.053671	3.2821e-320	5.8149	3.1623e-05	70.368	0.27375	0.0022972	2.6216	1.6107e-321	0.8691	1.4775e-10	2.2875e-321	80.088	107.89	0.0085078
4.1	369.37	13898	0.00025492	0.00030892	1.3263e-23	2.5086e-23	0.23415	1.3154e-10	868.48	21.676	1.5338	0.005884	1.1455e-37	7.0583e-37	0.0037731	506.32	78.711	0.0013061	375.52	0.0048553	0.88596	0.16258	0.054687	3.2821e-320	5.8149	3.1623e-05	69.539	0.27496	0.0023066	2.6331	1.6452e-321	0.87232	1.5586e-10	2.3419e-321	82.372	111.3	0.008691
4.2	369.21	13855	0.00025514	0.0003087	3.6866e-24	6.8726e-24	0.2357	1.3241e-10	854.49	21.659	1.5486	0.0060258	2.7365e-38	1.6862e-37	0.0037455	501.42	78.704	0.0013066	375.65	0.0050286	0.90977	0.16205	0.055693	3.2821e-320	5.8149	3.1623e-05	68.717	0.27613	0.0023157	2.6441	1.6848e-321	0.87547	1.6431e-10	2.4012e-321	84.666	114.7	0.0088733
4.3	369.05	13812	0.00025536	0.00030845	1.0247e-24	1.8828e-24	0.2372	1.3326e-10	840.71	21.643	1.5627	0.0061678	6.5372e-39	4.0282e-38	0.0037189	496.53	78.696	0.0013071	375.79	0.0052047	0.93365	0.16151	0.056688	3.2821e-320	5.8149	3.1623e-05	67.903	0.27726	0.0023244	2.6548	1.7243e-321	0.87857	1.7308e-10	2.4506e-321	86.972	118.1	0.0090547
4.4	368.89	13770	0.00025559	0.00030818	2.8482e-25	5.1581e-25	0.23866	1.3408e-10	827.13	21.626	1.5763	0.00631	1.5617e-39	9.6232e-39	0.0036932	491.66	78.689	0.0013076	375.93	0.0053838	0.95761	0.16098	0.057672	3.2821e-320	5.8149	3.1623e-05	67.095	0.27834	0.0023327	2.665	1.7589e-321	0.8816	1.822e-10	2.5099e-321	89.287	121.5	0.0092353
4.5	368.72	13727	0.00025581	0.0003079	7.9168e-26	1.4131e-25	0.24008	1.3487e-10	813.75	21.609	1.5893	0.0064524	3.7308e-40	2.2989e-39	0.0036685	486.81	78.681	0.0013081	376.07	0.0055658	0.98165	0.16045	0.058645	3.2821e-320	5.8149	3.1623e-05	66.296	0.27938	0.0023407	2.6748	1.7935e-321	0.88455	1.9167e-10	2.5593e-321	91.612	124.9	0.009415
4.6	368.55	13684	0.00025603	0.0003076	2.2005e-26	3.8714e-26	0.24145	1.3565e-10	800.57	21.592	1.6017	0.006595	8.9127e-41	5.492e-40	0.0036447	481.98	78.673	0.0013085	376.21	0.0057507	1.0058	0.15992	0.059608	3.2821e-320	5.8149	3.1623e-05	65.504	0.28038	0.0023483	2.6843	1.833e-321	0.88744	2.015e-10	2.6087e-321	93.947	128.29	0.0095939
4.7	368.38	13641	0.00025625	0.0003073	6.1164e-27	1.0606e-26	0.24278	1.364e-10	787.58	21.575	1.6136	0.0067378	2.1292e-41	1.312e-40	0.0036219	477.17	78.666	0.001309	376.34	0.0059386	1.03	0.15939	0.060561	3.2821e-320	5.8149	3.1623e-05	64.719	0.28134	0.0023556	2.6933	1.8626e-321	0.89026	2.1169e-10	2.663e-321	96.29	131.68	0.0097719
4.8	368.2	13599	0.00025647	0.00030698	1.7001e-27	2.9056e-27	0.24407	1.3712e-10	774.8	21.559	1.625	0.0068808	5.0865e-42	3.1343e-41	0.0035999	472.38	78.658	0.0013095	376.48	0.0061296	1.0542	0.15886	0.061504	3.2821e-320	5.8149	3.1623e-05	63.943	0.28227	0.0023626	2.702	1.9071e-321	0.89301	2.2227e-10	2.7223e-321	98.641	135.07	0.009949
4.9	368.03	13556	0.00025669	0.00030666	4.7255e-28	7.9601e-28	0.24533	1.3783e-10	762.2	21.542	1.6358	0.007024	1.2151e-42	7.4877e-42	0.0035787	467.62	78.65	0.00131	376.61	0.0063236	1.0786	0.15833	0.062436	3.2821e-320	5.8149	3.1623e-05	63.174	0.28315	0.0023693	2.7104	1.9466e-321	0.89569	2.3322e-10	2.7766e-321	101	138.45	0.010125
5	367.85	13514	0.00025692	0.00030634	1.3135e-28	2.1807e-28	0.24654	1.3851e-10	749.79	21.525	1.6462	0.0071674	2.9029e-43	1.7888e-42	0.0035584	462.88	78.642	0.0013104	376.75	0.0065206	1.103	0.1578	0.063359	3.2821e-320	5.8149	3.1623e-05	62.412	0.284	0.0023756	2.7184	1.9861e-321	0.8983	2.4457e-10	2.8359e-321	103.37	141.82	0.010301
5.1	367.68	13472	0.00025714	0.00030602	3.6508e-29	5.9744e-29	0.24772	1.3918e-10	737.57	21.508	1.656	0.007311	6.9349e-44	4.2733e-43	0.003539	458.17	78.634	0.0013109	376.88	0.0067207	1.1276	0.15727	0.064272	3.2821e-320	5.8149	3.1623e-05	61.659	0.28482	0.0023816	2.7261	2.0207e-321	0.90084	2.5632e-10	2.8903e-321	105.74	145.19	0.010476
5.2	367.5	13430	0.00025737	0.00030569	1.0148e-29	1.6367e-29	0.24887	1.3982e-10	725.54	21.491	1.6654	0.0074548	1.6567e-44	1.0209e-43	0.0035204	453.48	78.626	0.0013114	377.02	0.0069238	1.1522	0.15674	0.065176	3.2821e-320	5.8149	3.1623e-05	60.914	0.2856	0.0023869	2.7335	2.0553e-321	0.90332	2.6848e-10	2.9397e-321	108.12	148.56	0.010649
5.3	367.32	13388	0.0002576	0.00030537	2.8206e-30	4.484e-30	0.24998	1.4045e-10	713.69	21.474	1.6743	0.0075988	3.9578e-45	2.4388e-44	0.0035025	448.82	78.618	0.0013118	377.15	0.0071301	1.1768	0.15621	0.066071	3.2821e-320	5.8149	3.1623e-05	60.176	0.28635	0.0023909	2.7406	2.0948e-321	0.90573	2.8106e-10	2.994e-321	110.51	151.92	0.010823
5.4	367.13	13347	0.00025783	0.00030505	7.84e-31	1.2284e-30	0.25106	1.4105e-10	702.02	21.457	1.6827	0.007743	9.4549e-46	5.8261e-45	0.0034854	444.18	78.61	0.0013123	377.29	0.0073395	1.2016	0.15569	0.066956	3.2821e-320	5.8149	3.1623e-05	59.447	0.28707	0.002394	2.7473	2.1344e-321	0.90808	2.9406e-10	3.0533e-321	112.9	155.27	0.010995
5.5	366.95	13306	0.00025807	0.00030474	2.1792e-31	3.3654e-31	0.2521	1.4164e-10	690.53	21.44	1.6907	0.0078874	2.2587e-46	1.3918e-45	0.0034691	439.57	78.601	0.0013128	377.42	0.0075519	1.2264	0.15516	0.067832	3.2821e-320	5.8149	3.1623e-05	58.725	0.28776	0.0023967	2.7538	2.164e-321	0.91037	3.0749e-10	3.1077e-321	115.29	158.61	0.011166
5.6	366.77	13265	0.00025831	0.00030443	6.0571e-32	9.2198e-32	0.25312	1.4221e-10	679.22	21.423	1.6983	0.008032	5.396e-47	3.325e-46	0.0034534	434.98	78.593	0.0013132	377.55	0.0077675	1.2514	0.15464	0.068699	3.2821e-320	5.8149	3.1623e-05	58.012	0.28842	0.0023993	2.76	2.2035e-321	0.91261	3.2137e-10	3.1719e-321	117.68	161.95	0.011337
5.7	366.58	13225	0.00025855	0.00030414	1.6836e-32	2.5258e-32	0.2541	1.4277e-10	668.08	21.405	1.7055	0.0081768	1.2891e-47	7.9432e-47	0.0034385	430.43	78.585	0.0013137	377.69	0.0079862	1.2764	0.15411	0.069557	3.2821e-320	5.8149	3.1623e-05	57.306	0.28904	0.0024017	2.7659	2.2381e-321	0.91479	3.3569e-10	3.2262e-321	120.07	165.29	0.011507
5.8	366.4	13185	0.0002588	0.00030385	4.6796e-33	6.9198e-33	0.25506	1.433e-10	657.11	21.388	1.7123	0.0083218	3.0795e-48	1.8976e-47	0.0034242	425.9	78.576	0.0013141	377.82	0.0082081	1.3014	0.15359	0.070407	3.2821e-320	5.8149	3.1623e-05	56.609	0.28965	0.002404	2.7716	2.2776e-321	0.91691	3.5047e-10	3.2806e-321	122.46	168.61	0.011676
5.9	366.21	13146	0.00025905	0.00030358	1.3007e-33	1.8957e-33	0.25598	1.4382e-10	646.31	21.371	1.7187	0.008467	7.3568e-49	4.5332e-48	0.0034106	421.4	78.568	0.0013146	377.95	0.0084331	1.3266	0.15307	0.071248	3.2821e-320	5.8149	3.1623e-05	55.919	0.29022	0.0024063	2.777	2.3122e-321	0.91899	3.6571e-10	3.3399e-321	124.84	171.93	0.011844
6	366.02	13107	0.00025931	0.00030331	3.6154e-34	5.1935e-34	0.25688	1.4433e-10	635.67	21.354	1.7248	0.0086123	1.7575e-49	1.083e-48	0.0033976	416.93	78.56	0.0013151	378.08	0.0086612	1.3518	0.15255	0.07208	3.2821e-320	5.8149	3.1623e-05	55.237	0.29077	0.0024084	2.7821	2.3419e-321	0.92102	3.8142e-10	3.3942e-321	127.21	175.23	0.012012
6.1	365.84	13068	0.00025957	0.00030307	1.0049e-34	1.4228e-34	0.25775	1.4482e-10	625.19	21.336	1.7306	0.0087579	4.1986e-50	2.5871e-49	0.0033852	412.49	78.551	0.0013155	378.21	0.0088925	1.3771	0.15202	0.072904	3.2821e-320	5.8149	3.1623e-05	54.563	0.29129	0.0024104	2.7871	2.3765e-321	0.923	3.9761e-10	3.4436e-321	129.57	178.53	0.012179
6.2	365.65	13030	0.00025983	0.00030283	2.7932e-35	3.8979e-35	0.25859	1.4529e-10	614.88	21.319	1.736	0.0089036	1.003e-50	6.1805e-50	0.0033733	408.08	78.542	0.001316	378.34	0.0091269	1.4025	0.15151	0.07372	3.2821e-320	5.8149	3.1623e-05	53.897	0.2918	0.0024124	2.7918	2.4061e-321	0.92494	4.1428e-10	3.498e-321	131.92	181.83	0.012345
6.3	365.46	12992	0.0002601	0.00030261	7.7639e-36	1.0679e-35	0.25941	1.4575e-10	604.72	21.302	1.741	0.0090496	2.3961e-51	1.4765e-50	0.003362	403.7	78.534	0.0013164	378.47	0.0093645	1.4279	0.15099	0.074527	3.2821e-320	5.8149	3.1623e-05	53.238	0.29227	0.0024143	2.7963	2.4407e-321	0.92683	4.3144e-10	3.5425e-321	134.25	185.11	0.01251
6.4	365.27	12954	0.00026037	0.00030241	2.158e-36	2.9255e-36	0.2602	1.462e-10	594.72	21.284	1.7458	0.0091957	5.7242e-52	3.5273e-51	0.0033512	399.35	78.525	0.0013169	378.6	0.0096052	1.4534	0.15047	0.075327	3.2821e-320	5.8149	3.1623e-05	52.587	0.29273	0.0024161	2.8005	2.4802e-321	0.92868	4.491e-10	3.5919e-321	136.57	188.38	0.012675
6.5	365.08	12917	0.00026065	0.00030222	5.9983e-37	8.0148e-37	0.26097	1.4663e-10	584.87	21.267	1.7503	0.009342	1.3675e-52	8.4264e-52	0.0033409	395.03	78.517	0.0013173	378.73	0.0098491	1.479	0.14996	0.076118	3.2821e-320	5.8149	3.1623e-05	51.944	0.29317	0.0024179	2.8046	2.5148e-321	0.9305	4.6726e-10	3.6462e-321	138.87	191.65	0.012838
6.6	364.89	12881	0.00026093	0.00030205	1.6673e-37	2.1957e-37	0.26171	1.4705e-10	575.17	21.249	1.7545	0.0094886	3.2668e-53	2.013e-52	0.0033311	390.74	78.508	0.0013178	378.86	0.010096	1.5047	0.14944	0.076902	3.2821e-320	5.8149	3.1623e-05	51.309	0.29358	0.0024196	2.8085	2.5494e-321	0.93228	4.8594e-10	3.7055e-321	141.16	194.91	0.013001
6.7	364.7	12845	0.00026122	0.0003019	4.6342e-38	6.0154e-38	0.26243	1.4745e-10	565.62	21.232	1.7585	0.0096353	7.8043e-54	4.809e-53	0.0033218	386.48	78.499	0.0013182	378.99	0.010346	1.5304	0.14893	0.077677	3.2821e-320	5.8149	3.1623e-05	50.68	0.29398	0.0024212	2.8122	2.584e-321	0.93402	5.0512e-10	3.7598e-321	143.43	198.15	0.013164
6.8	364.51	12809	0.00026151	0.00030177	1.2881e-38	1.648e-38	0.26313	1.4784e-10	556.21	21.214	1.7622	0.0097822	1.8644e-54	1.1488e-53	0.003313	382.25	78.49	0.0013187	379.12	0.0106	1.5562	0.14842	0.078445	3.2821e-320	5.8149	3.1623e-05	50.06	0.29435	0.0024227	2.8157	2.6136e-321	0.93573	5.2483e-10	3.8241e-321	145.67	201.39	0.013325
6.9	364.32	12774	0.00026181	0.00030166	3.5804e-39	4.5147e-39	0.2638	1.4822e-10	546.95	21.196	1.7656	0.0099292	4.454e-55	2.7445e-54	0.0033045	378.06	78.481	0.0013191	379.24	0.010856	1.5821	0.14791	0.079206	3.2821e-320	5.8149	3.1623e-05	49.447	0.29471	0.0024242	2.8191	2.6482e-321	0.93741	5.4507e-10	3.8784e-321	147.9	204.62	0.013486
7	364.13	12739	0.00026211	0.00030156	9.9518e-40	1.2369e-39	0.26446	1.4859e-10	537.83	21.179	1.7688	0.010077	1.0641e-55	6.5565e-55	0.0032965	373.89	78.472	0.0013195	379.37	0.011115	1.608	0.1474	0.079958	3.2821e-320	5.8149	3.1623e-05	48.841	0.29505	0.0024256	2.8222	2.6828e-321	0.93905	5.6583e-10	3.9377e-321	150.1	207.84	0.013646
7.1	363.94	12704	0.00026241	0.00030149	2.7661e-40	3.3885e-40	0.26509	1.4895e-10	528.84	21.161	1.7718	0.010224	2.5468e-56	1.5663e-55	0.0032889	369.76	78.464	0.00132	379.5	0.011378	1.6339	0.14689	0.080704	3.2821e-320	5.8149	3.1623e-05	48.242	0.29538	0.002427	2.8253	2.7223e-321	0.94067	5.8714e-10	3.9921e-321	152.28	211.04	0.013806
7.2	363.75	12670	0.00026272	0.00030143	7.6886e-41	9.283e-41	0.26571	1.493e-10	519.99	21.144	1.7745	0.010372	6.2764e-57	3.7418e-56	0.0032816	365.66	78.455	0.0013204	379.62	0.011644	1.66	0.14638	0.081442	3.2821e-320	5.8149	3.1623e-05	47.651	0.29568	0.0024283	2.8281	2.7569e-321	0.94226	6.0898e-10	4.0365e-321	154.44	214.24	0.013964
7.3	363.55	12637	0.00026304	0.0003014	2.1371e-41	2.5432e-41	0.2663	1.4963e-10	511.28	21.126	1.777	0.010519	2.3045e-57	8.9391e-57	0.0032748	361.59	78.446	0.0013209	379.75	0.011912	1.6861	0.14588	0.082172	3.2821e-320	5.8149	3.1623e-05	47.066	0.29598	0.0024295	2.8309	2.7865e-321	0.94381	6.3138e-10	4.0909e-321	156.57	217.43	0.014122
7.4	363.36	12604	0.00026335	0.00030138	5.9401e-42	6.9672e-42	0.26688	1.4996e-10	502.7	21.108	1.7794	0.010667	3.9207e-57	2.1358e-57	0.0032683	357.55	78.437	0.0013213	379.88	0.012184	1.7122	0.14538	0.082896	3.2821e-320	5.8149	3.1623e-05	46.489	0.29625	0.0024307	2.8335	2.8211e-321	0.94535	6.5432e-10	4.1502e-321	158.67	220.61	0.014279
7.5	363.17	12571	0.00026368	0.00030138	1.6511e-42	1.9087e-42	0.26744	1.5027e-10	494.24	21.09	1.7815	0.010816	1.5045e-56	5.1153e-58	0.0032621	353.54	78.428	0.0013217	380	0.012459	1.7384	0.14488	0.083612	3.2821e-320	5.8149	3.1623e-05	45.919	0.29652	0.0024319	2.8359	2.8508e-321	0.94685	6.7782e-10	4.2045e-321	160.76	223.77	0.014436
7.6	362.97	12539	0.000264	0.00030141	4.5893e-43	5.2292e-43	0.26798	1.5057e-10	485.92	21.072	1.7834	0.010964	6.2652e-56	1.2763e-58	0.0032563	349.57	78.418	0.0013222	380.13	0.012737	1.7647	0.14438	0.084321	3.2821e-320	5.8149	3.1623e-05	45.355	0.29677	0.002433	2.8382	2.8903e-321	0.94833	7.0188e-10	4.2588e-321	162.81	226.93	0.014592
7.7	362.78	12507	0.00026434	0.00030145	1.2756e-43	1.4326e-43	0.2685	1.5087e-10	477.72	21.055	1.7852	0.011113	2.6219e-55	5.3232e-59	0.0032507	345.63	78.409	0.0013226	380.25	0.013018	1.791	0.14388	0.085024	3.2821e-320	5.8149	3.1623e-05	44.798	0.297	0.0024341	2.8404	2.9249e-321	0.94979	7.265e-10	4.3132e-321	164.84	230.07	0.014747
7.8	362.59	12475	0.00026467	0.00030151	3.5456e-44	3.9247e-44	0.26901	1.5115e-10	469.65	21.037	1.7868	0.011261	1.0975e-54	1.0791e-58	0.0032455	341.72	78.4	0.001323	380.37	0.013302	1.8174	0.14338	0.085719	3.2821e-320	5.8149	3.1623e-05	44.249	0.29723	0.0024351	2.8425	2.9595e-321	0.95122	7.5168e-10	4.3725e-321	166.84	233.21	0.014901
7.9	362.39	12444	0.00026501	0.00030159	9.8552e-45	1.0752e-44	0.2695	1.5143e-10	461.69	21.019	1.7883	0.01141	4.5943e-54	4.2428e-58	0.0032406	337.84	78.391	0.0013235	380.5	0.013588	1.8438	0.14289	0.086407	3.2821e-320	5.8149	3.1623e-05	43.705	0.29744	0.0024361	2.8444	2.994e-321	0.95263	7.7744e-10	4.4268e-321	168.81	236.33	0.015055
8	362.2	12414	0.00026535	0.00030169	2.7393e-45	2.9456e-45	0.26997	1.517e-10	453.86	21.001	1.7895	0.011559	1.9232e-53	1.7695e-57	0.003236	334	78.382	0.0013239	380.62	0.013878	1.8703	0.14239	0.087089	3.2821e-320	5.8149	3.1623e-05	43.169	0.29764	0.002437	2.8463	3.0336e-321	0.95401	8.0377e-10	4.4762e-321	170.76	239.44	0.015207
8.1	362	12383	0.0002657	0.00030181	7.614e-46	8.0698e-46	0.27043	1.5195e-10	446.15	20.983	1.7906	0.011709	8.0508e-53	7.4058e-57	0.0032316	330.18	78.372	0.0013243	380.74	0.014171	1.8968	0.1419	0.087764	3.2821e-320	5.8149	3.1623e-05	42.639	0.29783	0.0024379	2.848	3.0681e-321	0.95537	8.3067e-10	4.5306e-321	172.67	242.54	0.01536
8.2	361.81	12353	0.00026605	0.00030195	2.1164e-46	2.2108e-46	0.27087	1.522e-10	438.55	20.965	1.7916	0.011858	3.3702e-52	3.1001e-56	0.0032275	326.4	78.363	0.0013247	380.86	0.014466	1.9233	0.14141	0.088432	3.2821e-320	5.8149	3.1623e-05	42.115	0.29801	0.0024388	2.8497	3.1027e-321	0.95671	8.5815e-10	4.58e-321	174.56	245.63	0.015511
8.3	361.61	12324	0.0002664	0.0003021	5.8825e-47	6.0566e-47	0.2713	1.5244e-10	431.07	20.947	1.7925	0.012008	1.4108e-51	1.2977e-55	0.0032237	322.66	78.354	0.0013252	380.99	0.014765	1.9499	0.14093	0.089093	3.2821e-320	5.8149	3.1623e-05	41.598	0.29818	0.0024397	2.8512	3.1373e-321	0.95803	8.8621e-10	4.6393e-321	176.42	248.71	0.015662
8.4	361.42	12295	0.00026676	0.00030228	1.6351e-47	1.6593e-47	0.27172	1.5268e-10	423.7	20.929	1.7932	0.012158	5.9057e-51	5.4325e-55	0.0032201	318.94	78.344	0.0013256	381.11	0.015066	1.9765	0.14044	0.089749	3.2821e-320	5.8149	3.1623e-05	41.087	0.29834	0.0024405	2.8527	3.1719e-321	0.95933	9.1486e-10	4.6887e-321	178.26	251.77	0.015812
8.5	361.22	12266	0.00026712	0.00030247	4.5448e-48	4.5457e-48	0.27212	1.529e-10	416.45	20.911	1.7937	0.012307	2.4722e-50	2.2741e-54	0.0032167	315.26	78.335	0.001326	381.23	0.015371	2.0032	0.13996	0.090397	3.2821e-320	5.8149	3.1623e-05	40.582	0.29849	0.0024413	2.8541	3.2065e-321	0.9606	9.4408e-10	4.748e-321	180.06	254.83	0.015961
8.6	361.03	12238	0.00026748	0.00030268	1.2632e-48	1.2453e-48	0.27251	1.5312e-10	409.31	20.893	1.7942	0.012458	1.0349e-49	9.5195e-54	0.0032135	311.61	78.326	0.0013264	381.35	0.015678	2.0299	0.13947	0.091039	3.2821e-320	5.8149	3.1623e-05	40.084	0.29863	0.002442	2.8553	3.2411e-321	0.96186	9.7389e-10	4.7974e-321	181.83	257.87	0.01611
8.7	360.83	12210	0.00026785	0.0003029	3.5112e-49	3.4117e-49	0.27288	1.5333e-10	402.27	20.875	1.7945	0.012608	4.3321e-49	3.985e-53	0.0032106	307.99	78.316	0.0013268	381.47	0.015987	2.0566	0.13899	0.091675	3.2821e-320	5.8149	3.1623e-05	39.592	0.29876	0.0024427	2.8566	3.2757e-321	0.96309	1.0043e-09	4.8567e-321	183.58	260.9	0.016258
8.8	360.64	12182	0.00026821	0.00030314	9.7596e-50	9.3467e-50	0.27324	1.5354e-10	395.35	20.857	1.7948	0.012759	1.8134e-48	1.6681e-52	0.0032079	304.41	78.307	0.0013273	381.59	0.0163	2.0834	0.13852	0.092305	3.2821e-320	5.8149	3.1623e-05	39.106	0.29888	0.0024434	2.8577	3.3102e-321	0.96431	1.0353e-09	4.9061e-321	185.3	263.92	0.016405
8.9	360.44	12155	0.00026858	0.0003034	2.7127e-50	2.5606e-50	0.27359	1.5373e-10	388.53	20.839	1.7949	0.012909	7.5913e-48	6.983e-52	0.0032054	300.86	78.297	0.0013277	381.71	0.016615	2.1102	0.13804	0.092928	3.2821e-320	5.8149	3.1623e-05	38.626	0.299	0.0024441	2.8587	3.3399e-321	0.9655	1.0668e-09	4.9654e-321	186.98	266.93	0.016552
9	360.25	12128	0.00026896	0.00030367	7.5402e-51	7.0151e-51	0.27393	1.5392e-10	381.81	20.821	1.7949	0.01306	3.1778e-47	2.9232e-51	0.003203	297.33	78.288	0.0013281	381.83	0.016933	2.137	0.13757	0.093545	3.2821e-320	5.8149	3.1623e-05	38.151	0.29911	0.0024448	2.8597	3.3745e-321	0.96667	1.099e-09	5.0246e-321	188.64	269.92	0.016697
9.1	360.05	12101	0.00026933	0.00030396	2.0958e-51	1.9218e-51	0.27426	1.5411e-10	375.2	20.803	1.7948	0.013211	1.3302e-46	1.2237e-50	0.0032009	293.85	78.278	0.0013285	381.94	0.017254	2.1639	0.13709	0.094156	3.2821e-320	5.8149	3.1623e-05	37.683	0.29921	0.0024454	2.8606	3.4091e-321	0.96783	1.1317e-09	5.079e-321	190.27	272.91	0.016843
9.2	359.85	12075	0.00026971	0.00030427	5.8255e-52	5.265e-52	0.27457	1.5429e-10	368.69	20.784	1.7946	0.013362	5.5685e-46	5.1224e-50	0.0031989	290.39	78.269	0.0013289	382.06	0.017577	2.1908	0.13662	0.094761	3.2821e-320	5.8149	3.1623e-05	37.221	0.2993	0.002446	2.8615	3.4436e-321	0.96896	1.1651e-09	5.1333e-321	191.88	275.88	0.016987
9.3	359.66	12049	0.00027009	0.00030459	1.6192e-52	1.4424e-52	0.27488	1.5446e-10	362.28	20.766	1.7944	0.013514	2.331e-45	2.1443e-49	0.0031971	286.97	78.259	0.0013293	382.18	0.017903	2.2177	0.13616	0.09536	3.2821e-320	5.8149	3.1623e-05	36.764	0.29939	0.0024466	2.8623	3.4733e-321	0.97007	1.199e-09	5.1926e-321	193.45	278.83	0.017131
9.4	359.46	12023	0.00027047	0.00030492	4.5007e-53	3.9516e-53	0.27517	1.5462e-10	355.97	20.748	1.794	0.013665	9.758e-45	8.9761e-49	0.0031955	283.57	78.25	0.0013297	382.3	0.018232	2.2446	0.13569	0.095953	3.2821e-320	5.8149	3.1623e-05	36.313	0.29947	0.0024471	2.863	3.5079e-321	0.97116	1.2335e-09	5.247e-321	194.99	281.78	0.017274
9.5	359.27	11998	0.00027085	0.00030527	1.251e-53	1.0826e-53	0.27546	1.5478e-10	349.77	20.73	1.7936	0.013817	4.0848e-44	3.7575e-48	0.003194	280.21	78.24	0.0013301	382.41	0.018563	2.2716	0.13523	0.09654	3.2821e-320	5.8149	3.1623e-05	35.868	0.29955	0.0024477	2.8637	3.5326e-321	0.97224	1.2686e-09	5.3013e-321	196.51	284.71	0.017416
9.6	359.07	11973	0.00027123	0.00030563	3.4772e-54	2.9658e-54	0.27573	1.5494e-10	343.65	20.712	1.7931	0.013969	1.7099e-43	1.5729e-47	0.0031927	276.89	78.23	0.0013305	382.53	0.018897	2.2985	0.13477	0.097121	3.2821e-320	5.8149	3.1623e-05	35.428	0.29962	0.0024482	2.8643	3.5622e-321	0.97329	1.3043e-09	5.3557e-321	198	287.64	0.017558
9.7	358.88	11948	0.00027162	0.000306	9.665e-55	8.1251e-55	0.27599	1.5508e-10	337.64	20.694	1.7925	0.014121	7.1579e-43	6.5844e-47	0.0031915	273.59	78.221	0.0013309	382.64	0.019233	2.3255	0.13431	0.097697	3.2821e-320	5.8149	3.1623e-05	34.994	0.29969	0.0024487	2.8649	3.5919e-321	0.97433	1.3405e-09	5.41e-321	199.46	290.55	0.017699
9.8	358.68	11924	0.000272	0.00030639	2.6864e-55	2.226e-55	0.27625	1.5523e-10	331.72	20.676	1.7918	0.014273	2.9964e-42	2.7563e-46	0.0031904	270.32	78.211	0.0013313	382.76	0.019571	2.3525	0.13385	0.098267	3.2821e-320	5.8149	3.1623e-05	34.565	0.29975	0.0024492	2.8654	3.6264e-321	0.97534	1.3774e-09	5.4644e-321	200.89	293.44	0.017839
9.9	358.48	11900	0.00027239	0.00030678	7.467e-56	6.0982e-56	0.27649	1.5537e-10	325.89	20.657	1.7911	0.014425	1.2543e-41	1.1538e-45	0.0031895	267.09	78.201	0.0013317	382.87	0.019912	2.3796	0.1334	0.098831	3.2821e-320	5.8149	3.1623e-05	34.142	0.2998	0.0024497	2.8659	3.6561e-321	0.97634	1.4148e-09	5.5187e-321	202.3	296.33	0.017979
10	358.29	11877	0.00027278	0.00030719	2.0755e-56	1.6707e-56	0.27673	1.555e-10	320.16	20.639	1.7903	0.014578	5.2507e-41	4.83e-45	0.0031887	263.89	78.192	0.0013321	382.99	0.020255	2.4066	0.13295	0.099389	3.2821e-320	5.8149	3.1623e-05	33.724	0.29985	0.0024502	2.8664	3.6956e-321	0.97731	1.4528e-09	5.5731e-321	203.68	299.2	0.018118
10.1	358.09	11853	0.00027317	0.00030762	5.769e-57	4.5769e-57	0.27696	1.5563e-10	314.51	20.621	1.7895	0.014731	2.198e-40	2.0219e-44	0.0031881	260.72	78.182	0.0013325	383.1	0.020601	2.4336	0.1325	0.099942	3.2821e-320	5.8149	3.1623e-05	33.312	0.2999	0.0024507	2.8668	3.7253e-321	0.97827	1.4913e-09	5.6274e-321	205.03	302.06	0.018256
10.2	357.9	11830	0.00027356	0.00030805	1.6035e-57	1.2539e-57	0.27718	1.5575e-10	308.96	20.603	1.7886	0.014883	9.201e-40	8.4637e-44	0.0031875	257.58	78.172	0.0013329	383.21	0.020949	2.4607	0.13205	0.10049	3.2821e-320	5.8149	3.1623e-05	32.905	0.29994	0.0024511	2.8671	3.75e-321	0.97921	1.5305e-09	5.6818e-321	206.36	304.9	0.018394
10.3	357.71	11808	0.00027395	0.00030849	4.457e-58	3.4351e-58	0.27739	1.5587e-10	303.5	20.585	1.7876	0.015036	3.8516e-39	3.543e-43	0.0031871	254.47	78.162	0.0013333	383.33	0.021299	2.4877	0.1316	0.10103	3.2821e-320	5.8149	3.1623e-05	32.503	0.29998	0.0024516	2.8675	3.7845e-321	0.98013	1.5702e-09	5.7312e-321	207.65	307.73	0.01853
10.4	357.51	11785	0.00027434	0.00030895	1.2389e-58	9.4109e-59	0.2776	1.5599e-10	298.12	20.567	1.7866	0.01519	1.6123e-38	1.4831e-42	0.0031868	251.39	78.153	0.0013337	383.44	0.021652	2.5148	0.13116	0.10157	3.2821e-320	5.8149	3.1623e-05	32.106	0.30002	0.002452	2.8678	3.8092e-321	0.98103	1.6104e-09	5.7806e-321	208.93	310.55	0.018667
10.5	357.32	11763	0.00027473	0.00030941	3.4434e-59	2.5782e-59	0.27779	1.561e-10	292.83	20.549	1.7855	0.015343	6.7493e-38	6.2085e-42	0.0031865	248.35	78.143	0.0013341	383.55	0.022006	2.5418	0.13072	0.1021	3.2821e-320	5.8149	3.1623e-05	31.714	0.30005	0.0024524	2.868	3.8438e-321	0.98191	1.6513e-09	5.83e-321	210.17	313.36	0.018802
10.6	357.13	11741	0.00027512	0.00030989	9.5712e-60	7.0632e-60	0.27798	1.562e-10	287.63	20.53	1.7844	0.015496	2.8253e-37	2.599e-41	0.0031864	245.33	78.133	0.0013345	383.66	0.022363	2.5689	0.13028	0.10262	3.2821e-320	5.8149	3.1623e-05	31.328	0.30008	0.0024528	2.8683	3.8735e-321	0.98277	1.6926e-09	5.8794e-321	211.39	316.16	0.018937
10.7	356.93	11720	0.00027551	0.00031037	2.6604e-60	1.935e-60	0.27816	1.5631e-10	282.51	20.512	1.7833	0.01565	1.1827e-36	1.0879e-40	0.0031864	242.34	78.123	0.0013349	383.77	0.022722	2.5959	0.12985	0.10314	3.2821e-320	5.8149	3.1623e-05	30.946	0.30011	0.0024532	2.8685	3.8982e-321	0.98362	1.7346e-09	5.9337e-321	212.59	318.94	0.019071
10.8	356.74	11699	0.00027591	0.00031086	7.3946e-61	5.3012e-61	0.27834	1.5641e-10	277.48	20.494	1.7821	0.015804	4.9509e-36	4.5542e-40	0.0031864	239.39	78.113	0.0013352	383.88	0.023083	2.623	0.12941	0.10366	3.2821e-320	5.8149	3.1623e-05	30.57	0.30013	0.0024536	2.8687	3.9229e-321	0.98445	1.7771e-09	5.9881e-321	213.76	321.71	0.019205
10.9	356.55	11678	0.0002763	0.00031136	2.0554e-61	1.4523e-61	0.27851	1.565e-10	272.53	20.476	1.7808	0.015958	2.0725e-35	1.9064e-39	0.0031866	236.46	78.103	0.0013356	383.99	0.023446	2.6501	0.12898	0.10417	3.2821e-320	5.8149	3.1623e-05	30.198	0.30015	0.002454	2.8688	3.9525e-321	0.98525	1.8201e-09	6.0325e-321	214.9	324.46	0.019337
11	356.36	11657	0.00027669	0.00031187	5.713e-62	3.9787e-62	0.27867	1.5659e-10	267.66	20.458	1.7796	0.016112	8.6757e-35	7.9806e-39	0.0031868	233.57	78.094	0.001336	384.1	0.023811	2.6771	0.12855	0.10467	3.2821e-320	5.8149	3.1623e-05	29.832	0.30017	0.0024544	2.869	3.9822e-321	0.98604	1.8637e-09	6.0819e-321	216.02	327.2	0.019469
11.1	356.17	11637	0.00027708	0.00031239	1.588e-62	1.09e-62	0.27883	1.5668e-10	262.87	20.44	1.7783	0.016266	3.6317e-34	3.3407e-38	0.0031871	230.7	78.084	0.0013364	384.21	0.024178	2.7041	0.12813	0.10517	3.2821e-320	5.8149	3.1623e-05	29.47	0.30018	0.0024547	2.8691	4.0118e-321	0.98682	1.9078e-09	6.1314e-321	217.12	329.93	0.019601
11.2	355.98	11617	0.00027747	0.00031291	4.4138e-63	2.9862e-63	0.27898	1.5676e-10	258.16	20.422	1.7769	0.016421	1.5203e-33	1.3985e-37	0.0031875	227.87	78.074	0.0013368	384.32	0.024547	2.7312	0.12771	0.10567	3.2821e-320	5.8149	3.1623e-05	29.113	0.3002	0.0024551	2.8691	4.0464e-321	0.98757	1.9524e-09	6.1808e-321	218.19	332.65	0.019732
11.3	355.79	11597	0.00027786	0.00031344	1.2268e-63	8.1809e-64	0.27912	1.5684e-10	253.53	20.404	1.7756	0.016575	6.3641e-33	5.8541e-37	0.0031879	225.06	78.064	0.0013371	384.43	0.024918	2.7582	0.12728	0.10616	3.2821e-320	5.8149	3.1623e-05	28.76	0.30021	0.0024554	2.8692	4.076e-321	0.98831	1.9975e-09	6.2302e-321	219.24	335.35	0.019862
11.4	355.6	11578	0.00027825	0.00031398	3.41e-64	2.2412e-64	0.27926	1.5692e-10	248.97	20.386	1.7742	0.01673	2.6641e-32	2.4506e-36	0.0031884	222.29	78.054	0.0013375	384.54	0.025291	2.7852	0.12687	0.10664	3.2821e-320	5.8149	3.1623e-05	28.412	0.30022	0.0024558	2.8693	4.1057e-321	0.98903	2.0432e-09	6.2746e-321	220.26	338.04	0.019991
11.5	355.41	11559	0.00027864	0.00031453	9.4784e-65	6.14e-65	0.27939	1.57e-10	244.5	20.367	1.7727	0.016885	1.1152e-31	1.0258e-35	0.003189	219.54	78.044	0.0013379	384.64	0.025665	2.8122	0.12645	0.10712	3.2821e-320	5.8149	3.1623e-05	28.069	0.30022	0.0024561	2.8693	4.1353e-321	0.98973	2.0894e-09	6.324e-321	221.27	340.72	0.02012
11.6	355.22	11540	0.00027903	0.00031508	2.6346e-65	1.6821e-65	0.27952	1.5707e-10	240.09	20.349	1.7713	0.01704	4.6683e-31	4.2943e-35	0.0031896	216.82	78.034	0.0013383	384.75	0.026041	2.8392	0.12604	0.1076	3.2821e-320	5.8149	3.1623e-05	27.731	0.30023	0.0024565	2.8693	4.16e-321	0.99041	2.1361e-09	6.3734e-321	222.24	343.38	0.020248
11.7	355.03	11522	0.00027942	0.00031564	7.3229e-66	4.6083e-66	0.27964	1.5714e-10	235.77	20.331	1.7698	0.017195	1.9542e-30	1.7976e-34	0.0031903	214.13	78.024	0.0013386	384.86	0.026419	2.8661	0.12563	0.10807	3.2821e-320	5.8149	3.1623e-05	27.397	0.30023	0.0024568	2.8693	4.1897e-321	0.99108	2.1832e-09	6.4229e-321	223.2	346.03	0.020375
11.8	354.84	11503	0.0002798	0.0003162	2.0354e-66	1.2625e-66	0.27976	1.572e-10	231.51	20.313	1.7683	0.01735	8.1805e-30	7.525e-34	0.003191	211.47	78.014	0.001339	384.96	0.026799	2.8931	0.12522	0.10853	3.2821e-320	5.8149	3.1623e-05	27.068	0.30024	0.0024572	2.8693	4.2094e-321	0.99173	2.2309e-09	6.4723e-321	224.14	348.67	0.020502
11.9	354.66	11485	0.00028019	0.00031677	5.6576e-67	3.4587e-67	0.27987	1.5727e-10	227.33	20.295	1.7668	0.017506	3.4244e-29	3.15e-33	0.0031918	208.84	78.005	0.0013394	385.07	0.02718	2.92	0.12481	0.10899	3.2821e-320	5.8149	3.1623e-05	26.743	0.30024	0.0024575	2.8693	4.2391e-321	0.99237	2.2791e-09	6.5217e-321	225.05	351.29	0.020627
12	354.47	11468	0.00028057	0.00031734	1.5726e-67	9.4755e-68	0.27997	1.5733e-10	223.22	20.277	1.7653	0.017662	1.4335e-28	1.3186e-32	0.0031926	206.24	77.995	0.0013397	385.17	0.027563	2.9469	0.12441	0.10945	3.2821e-320	5.8149	3.1623e-05	26.422	0.30024	0.0024578	2.8692	4.2588e-321	0.99298	2.3277e-09	6.5711e-321	225.94	353.9	0.020753
12.1	354.29	11450	0.00028096	0.00031792	4.371e-68	2.5959e-68	0.28008	1.5738e-10	219.18	20.26	1.7637	0.017817	6.0008e-28	5.52e-32	0.0031935	203.66	77.985	0.0013401	385.28	0.027947	2.9737	0.12401	0.1099	3.2821e-320	5.8149	3.1623e-05	26.106	0.30023	0.0024582	2.8692	4.2835e-321	0.99358	2.3768e-09	6.6205e-321	226.81	356.5	0.020877
12.2	354.1	11433	0.00028134	0.00031851	1.2149e-68	7.1117e-69	0.28018	1.5744e-10	215.21	20.242	1.7622	0.017973	2.512e-27	2.3107e-31	0.0031944	201.12	77.975	0.0013404	385.38	0.028333	3.0006	0.12361	0.11034	3.2821e-320	5.8149	3.1623e-05	25.794	0.30023	0.0024585	2.8691	4.3083e-321	0.99417	2.4264e-09	6.6699e-321	227.66	359.08	0.021001
12.3	353.92	11416	0.00028172	0.00031909	3.377e-69	1.9483e-69	0.28027	1.5749e-10	211.31	20.224	1.7606	0.018129	1.0515e-26	9.6728e-31	0.0031954	198.6	77.965	0.0013408	385.48	0.02872	3.0274	0.12322	0.11079	3.2821e-320	5.8149	3.1623e-05	25.486	0.30023	0.0024588	2.8691	4.333e-321	0.99474	2.4764e-09	6.7144e-321	228.49	361.65	0.021125
12.4	353.74	11399	0.0002821	0.00031969	9.3864e-70	5.3376e-70	0.28036	1.5754e-10	207.48	20.206	1.759	0.018286	4.4018e-26	4.0491e-30	0.0031964	196.1	77.955	0.0013412	385.59	0.029108	3.0542	0.12282	0.11122	3.2821e-320	5.8149	3.1623e-05	25.182	0.30022	0.0024591	2.869	4.3626e-321	0.99529	2.5269e-09	6.7638e-321	229.3	364.21	0.021247
12.5	353.56	11383	0.00028248	0.00032028	2.609e-70	1.4623e-70	0.28045	1.5759e-10	203.71	20.188	1.7574	0.018442	1.8427e-25	1.695e-29	0.0031974	193.64	77.945	0.0013415	385.69	0.029498	3.0809	0.12243	0.11166	3.2821e-320	5.8149	3.1623e-05	24.883	0.30022	0.0024594	2.8689	4.3873e-321	0.99583	2.5779e-09	6.8082e-321	230.09	366.75	0.021369
12.6	353.38	11367	0.00028286	0.00032088	7.2519e-71	4.006e-71	0.28053	1.5764e-10	200.01	20.17	1.7558	0.018598	7.7135e-25	7.0955e-29	0.0031985	191.2	77.935	0.0013419	385.79	0.02989	3.1076	0.12204	0.11208	3.2821e-320	5.8149	3.1623e-05	24.588	0.30021	0.0024597	2.8688	4.4169e-321	0.99636	2.6292e-09	6.8576e-321	230.86	369.28	0.02149
12.7	353.2	11351	0.00028323	0.00032148	2.0157e-71	1.0975e-71	0.28061	1.5768e-10	196.37	20.152	1.7542	0.018755	3.229e-24	2.9702e-28	0.0031995	188.79	77.925	0.0013422	385.89	0.030282	3.1343	0.12166	0.11251	3.2821e-320	5.8149	3.1623e-05	24.296	0.30021	0.0024601	2.8687	4.4466e-321	0.99686	2.681e-09	6.9021e-321	231.61	371.8	0.021611
12.8	353.02	11335	0.00028361	0.00032209	5.6027e-72	3.0067e-72	0.28068	1.5772e-10	192.79	20.135	1.7526	0.018912	1.3517e-23	1.2434e-27	0.0032007	186.41	77.915	0.0013426	385.99	0.030676	3.161	0.12128	0.11293	3.2821e-320	5.8149	3.1623e-05	24.009	0.3002	0.0024604	2.8686	4.4713e-321	0.99736	2.7332e-09	6.9466e-321	232.34	374.3	0.021731
12.9	352.84	11320	0.00028398	0.0003227	1.5573e-72	8.237e-73	0.28075	1.5776e-10	189.28	20.117	1.7509	0.019069	1.0538e-23	5.2049e-27	0.0032018	184.06	77.905	0.0013429	386.09	0.031071	3.1876	0.1209	0.11334	3.2821e-320	5.8149	3.1623e-05	23.726	0.30019	0.0024607	2.8685	4.5009e-321	0.99784	2.7858e-09	6.996e-321	233.06	376.79	0.02185
13	352.66	11304	0.00028435	0.00032331	4.3286e-73	2.2566e-73	0.28082	1.578e-10	185.83	20.099	1.7493	0.019226	1.3547e-23	2.1788e-26	0.003203	181.73	77.895	0.0013433	386.19	0.031467	3.2142	0.12052	0.11375	3.2821e-320	5.8149	3.1623e-05	23.446	0.30018	0.002461	2.8684	4.5256e-321	0.9983	2.8388e-09	7.0404e-321	233.75	379.26	0.021968
13.1	352.48	11289	0.00028472	0.00032392	1.2032e-73	6.1822e-74	0.28088	1.5784e-10	182.44	20.082	1.7476	0.019383	3.3611e-24	9.1207e-26	0.0032042	179.42	77.885	0.0013436	386.29	0.031864	3.2407	0.12014	0.11416	3.2821e-320	5.8149	3.1623e-05	23.171	0.30017	0.0024613	2.8683	4.5503e-321	0.99876	2.8922e-09	7.0948e-321	234.43	381.73	0.022086
13.2	352.31	11275	0.00028509	0.00032453	3.3442e-74	1.6937e-74	0.28094	1.5787e-10	179.12	20.064	1.746	0.01954	1.3253e-24	3.818e-25	0.0032054	177.15	77.875	0.001344	386.39	0.032262	3.2672	0.11977	0.11456	3.2821e-320	5.8149	3.1623e-05	22.899	0.30016	0.0024616	2.8682	4.575e-321	0.99919	2.946e-09	7.1442e-321	235.09	384.17	0.022203
13.3	352.13	11260	0.00028546	0.00032515	9.2954e-75	4.6399e-75	0.281	1.5791e-10	175.85	20.046	1.7443	0.019698	2.5031e-24	1.5983e-24	0.0032066	174.9	77.865	0.0013443	386.49	0.032661	3.2936	0.1194	0.11496	3.2821e-320	5.8149	3.1623e-05	22.631	0.30015	0.0024619	2.8681	4.5948e-321	0.99962	3.0002e-09	7.1887e-321	235.73	386.61	0.02232
13.4	351.96	11246	0.00028582	0.00032577	2.5837e-75	1.2712e-75	0.28106	1.5794e-10	172.64	20.029	1.7427	0.019855	9.7511e-24	6.6904e-24	0.0032078	172.67	77.856	0.0013447	386.59	0.033061	3.32	0.11903	0.11535	3.2821e-320	5.8149	3.1623e-05	22.367	0.30014	0.0024622	2.8679	4.6245e-321	1	3.0547e-09	7.2331e-321	236.36	389.03	0.022436
13.5	351.78	11232	0.00028618	0.00032639	7.1815e-76	3.4824e-76	0.28111	1.5797e-10	169.48	20.011	1.741	0.020013	4.0645e-23	2.8007e-23	0.0032091	170.47	77.846	0.001345	386.69	0.033462	3.3464	0.11867	0.11574	3.2821e-320	5.8149	3.1623e-05	22.107	0.30013	0.0024625	2.8678	4.6442e-321	1.0004	3.1096e-09	7.2875e-321	236.97	391.44	0.022551
13.6	351.61	11218	0.00028654	0.00032701	1.9961e-76	9.5405e-77	0.28116	1.5799e-10	166.38	19.994	1.7394	0.020171	1.701e-22	1.1724e-22	0.0032103	168.3	77.836	0.0013453	386.78	0.033864	3.3727	0.1183	0.11613	3.2821e-320	5.8149	3.1623e-05	21.85	0.30012	0.0024628	2.8677	4.6739e-321	1.0008	3.1649e-09	7.3418e-321	237.56	393.83	0.022665
13.7	351.44	11205	0.0002869	0.00032763	5.5484e-77	2.6137e-77	0.28121	1.5802e-10	163.34	19.976	1.7377	0.020329	7.1206e-22	4.9077e-22	0.0032116	166.15	77.826	0.0013457	386.88	0.034267	3.3989	0.11794	0.11651	3.2821e-320	5.8149	3.1623e-05	21.597	0.30011	0.0024631	2.8676	4.6936e-321	1.0012	3.2204e-09	7.3912e-321	238.14	396.21	0.022779
13.8	351.27	11191	0.00028726	0.00032825	1.5422e-77	7.1605e-78	0.28125	1.5805e-10	160.35	19.959	1.7361	0.020487	2.9807e-21	2.0544e-21	0.0032129	164.02	77.816	0.001346	386.98	0.03467	3.4251	0.11759	0.11688	3.2821e-320	5.8149	3.1623e-05	21.347	0.3001	0.0024634	2.8675	4.7134e-321	1.0015	3.2763e-09	7.4357e-321	238.7	398.58	0.022892
13.9	351.1	11178	0.00028761	0.00032887	4.2866e-78	1.9617e-78	0.28129	1.5807e-10	157.42	19.942	1.7344	0.020645	1.2478e-20	8.6e-21	0.0032142	161.92	77.806	0.0013463	387.07	0.035074	3.4512	0.11723	0.11726	3.2821e-320	5.8149	3.1623e-05	21.101	0.30009	0.0024637	2.8673	4.7331e-321	1.0019	3.3326e-09	7.4851e-321	239.25	400.93	0.023005
14	350.93	11165	0.00028796	0.00032949	1.1915e-78	5.3742e-79	0.28133	1.5809e-10	154.54	19.924	1.7328	0.020804	5.2233e-20	3.6001e-20	0.0032155	159.85	77.796	0.0013467	387.17	0.035479	3.4773	0.11688	0.11763	3.2821e-320	5.8149	3.1623e-05	20.858	0.30008	0.002464	2.8672	4.7529e-321	1.0022	3.3891e-09	7.5345e-321	239.78	403.27	0.023116
14.1	350.77	11152	0.00028831	0.00033011	3.3118e-79	1.4723e-79	0.28137	1.5811e-10	151.71	19.907	1.7311	0.020962	2.1865e-19	1.507e-19	0.0032168	157.8	77.786	0.001347	387.26	0.035884	3.5033	0.11653	0.11799	3.2821e-320	5.8149	3.1623e-05	20.619	0.30007	0.0024643	2.8671	4.7776e-321	1.0026	3.4459e-09	7.5839e-321	240.29	405.59	0.023228
14.2	350.6	11140	0.00028866	0.00033074	9.2052e-80	4.0335e-80	0.2814	1.5813e-10	148.93	19.89	1.7295	0.021121	9.1529e-19	6.3085e-19	0.0032181	155.77	77.777	0.0013473	387.36	0.03629	3.5293	0.11618	0.11835	3.2821e-320	5.8149	3.1623e-05	20.383	0.30006	0.0024646	2.867	4.8023e-321	1.0029	3.503e-09	7.6284e-321	240.79	407.91	0.023338
14.3	350.43	11128	0.000289	0.00033136	2.5586e-80	1.105e-80	0.28144	1.5815e-10	146.2	19.873	1.7279	0.02128	3.8315e-18	2.6408e-18	0.0032194	153.77	77.767	0.0013476	387.45	0.036697	3.5552	0.11584	0.11871	3.2821e-320	5.8149	3.1623e-05	20.15	0.30005	0.0024649	2.8668	4.827e-321	1.0032	3.5604e-09	7.6778e-321	241.28	410.2	0.023448
14.4	350.27	11115	0.00028935	0.00033198	7.1119e-81	3.0273e-81	0.28147	1.5817e-10	143.52	19.855	1.7262	0.021438	1.6039e-17	1.1055e-17	0.0032207	151.79	77.757	0.001348	387.54	0.037103	3.581	0.11549	0.11906	3.2821e-320	5.8149	3.1623e-05	19.921	0.30004	0.0024652	2.8667	4.8517e-321	1.0035	3.6181e-09	7.7272e-321	241.75	412.49	0.023557
14.5	350.11	11104	0.00028969	0.0003326	1.9768e-81	8.2936e-82	0.2815	1.5818e-10	140.9	19.838	1.7246	0.021597	6.7141e-17	4.6276e-17	0.003222	149.84	77.747	0.0013483	387.64	0.037511	3.6068	0.11515	0.11941	3.2821e-320	5.8149	3.1623e-05	19.695	0.30003	0.0024655	2.8666	4.8715e-321	1.0037	3.6761e-09	7.7766e-321	242.21	414.76	0.023665
14.6	349.94	11092	0.00029003	0.00033322	5.4945e-82	2.2721e-82	0.28152	1.582e-10	138.31	19.821	1.723	0.021757	2.8106e-16	1.9372e-16	0.0032234	147.91	77.737	0.0013486	387.73	0.037919	3.6325	0.11482	0.11976	3.2821e-320	5.8149	3.1623e-05	19.472	0.30002	0.0024658	2.8665	4.8962e-321	1.004	3.7342e-09	7.826e-321	242.66	417.02	0.023773
14.7	349.78	11080	0.00029036	0.00033383	1.5272e-82	6.2246e-83	0.28155	1.5821e-10	135.78	19.804	1.7214	0.021916	1.1765e-15	8.1091e-16	0.0032247	146	77.727	0.0013489	387.82	0.038327	3.6582	0.11448	0.1201	3.2821e-320	5.8149	3.1623e-05	19.253	0.30001	0.0024661	2.8664	4.9209e-321	1.0043	3.7927e-09	7.8754e-321	243.09	419.26	0.02388
14.8	349.62	11069	0.0002907	0.00033445	4.245e-83	1.7053e-83	0.28157	1.5823e-10	133.29	19.787	1.7198	0.022075	4.9251e-15	3.3946e-15	0.003226	144.11	77.718	0.0013492	387.91	0.038735	3.6838	0.11415	0.12044	3.2821e-320	5.8149	3.1623e-05	19.036	0.3	0.0024665	2.8663	4.9456e-321	1.0045	3.8513e-09	7.9248e-321	243.51	421.49	0.023986
14.9	349.46	11058	0.00029103	0.00033506	1.1799e-83	4.6718e-84	0.28159	1.5824e-10	130.85	19.77	1.7182	0.022235	2.0617e-14	1.421e-14	0.0032273	142.25	77.708	0.0013496	388	0.039143	3.7093	0.11382	0.12078	3.2821e-320	5.8149	3.1623e-05	18.823	0.29999	0.0024668	2.8661	4.9654e-321	1.0048	3.9102e-09	7.9742e-321	243.92	423.7	0.024092
15	349.3	11047	0.00029135	0.00033567	3.2797e-84	1.2799e-84	0.28161	1.5825e-10	128.45	19.753	1.7166	0.022394	8.6304e-14	5.9484e-14	0.0032286	140.41	77.698	0.0013499	388.09	0.039552	3.7347	0.11349	0.12111	3.2821e-320	5.8149	3.1623e-05	18.612	0.29998	0.0024671	2.866	4.9901e-321	1.005	3.9693e-09	8.0236e-321	244.31	425.9	0.024197
15.1	349.15	11036	0.00029168	0.00033628	9.116e-85	3.5063e-85	0.28163	1.5826e-10	126.1	19.737	1.715	0.022554	3.6128e-13	2.4901e-13	0.0032299	138.6	77.688	0.0013502	388.18	0.039961	3.76	0.11316	0.12144	3.2821e-320	5.815	3.1623e-05	18.405	0.29997	0.0024674	2.8659	5.0098e-321	1.0052	4.0286e-09	8.073e-321	244.69	428.09	0.024302
15.2	348.99	11025	0.000292	0.00033689	2.5338e-85	9.6059e-86	0.28165	1.5827e-10	123.79	19.72	1.7134	0.022714	1.5123e-12	9.7193e-13	0.0032312	136.8	77.679	0.0013505	388.27	0.04037	3.7853	0.11284	0.12176	3.2821e-320	5.815	3.1623e-05	18.201	0.29996	0.0024677	2.8658	5.0296e-321	1.0054	4.088e-09	8.1126e-321	245.06	430.27	0.024405
15.3	348.83	11015	0.00029232	0.0003375	7.0429e-86	2.6316e-86	0.28166	1.5828e-10	121.52	19.703	1.7119	0.022874	6.3308e-12	3.3068e-12	0.0032325	135.03	77.669	0.0013508	388.36	0.040779	3.8105	0.11252	0.12208	3.2821e-320	5.815	3.1623e-05	17.999	0.29996	0.002468	2.8657	5.0543e-321	1.0056	4.1477e-09	8.157e-321	245.42	432.43	0.024508
15.4	348.68	11005	0.00029264	0.0003381	1.9576e-86	7.2096e-87	0.28168	1.5829e-10	119.3	19.687	1.7103	0.023034	2.6501e-11	1.1903e-11	0.0032338	133.28	77.659	0.0013511	388.45	0.041188	3.8357	0.1122	0.1224	3.2821e-320	5.815	3.1623e-05	17.801	0.29995	0.0024683	2.8656	5.079e-321	1.0058	4.2075e-09	8.1965e-321	245.77	434.57	0.024611
15.5	348.53	10994	0.00029296	0.0003387	5.4412e-87	1.9751e-87	0.28169	1.5829e-10	117.11	19.67	1.7088	0.023194	8.12e-11	2.3139e-11	0.003235	131.55	77.65	0.0013514	388.53	0.041597	3.8607	0.11189	0.12271	3.2821e-320	5.815	3.1623e-05	17.605	0.29994	0.0024686	2.8655	5.1037e-321	1.006	4.2675e-09	8.241e-321	246.11	436.71	0.024712
15.6	348.38	10984	0.00029327	0.0003393	1.5124e-87	5.4111e-88	0.2817	1.583e-10	114.97	19.653	1.7073	0.023354	1.8787e-10	3.6343e-11	0.0032363	129.84	77.64	0.0013517	388.62	0.042006	3.8857	0.11157	0.12302	3.2821e-320	5.815	3.1623e-05	17.412	0.29993	0.0024689	2.8655	5.1235e-321	1.0062	4.3276e-09	8.2855e-321	246.43	438.82	0.024813
15.7	348.22	10975	0.00029358	0.00033989	4.2038e-88	1.4824e-88	0.28171	1.5831e-10	112.86	19.637	1.7057	0.023515	3.5848e-10	4.5966e-11	0.0032375	128.15	77.631	0.001352	388.71	0.042415	3.9105	0.11126	0.12333	3.2821e-320	5.815	3.1623e-05	17.222	0.29993	0.0024692	2.8654	5.1432e-321	1.0063	4.3879e-09	8.3349e-321	246.75	440.93	0.024914
15.8	348.07	10965	0.00029389	0.00034048	1.1685e-88	4.0612e-89	0.28172	1.5831e-10	110.8	19.621	1.7042	0.023675	5.9382e-10	5.1404e-11	0.0032388	126.49	77.621	0.0013523	388.79	0.042824	3.9353	0.11095	0.12363	3.2821e-320	5.815	3.1623e-05	17.034	0.29992	0.0024695	2.8653	5.163e-321	1.0065	4.4483e-09	8.3843e-321	247.05	443.02	0.025014
15.9	347.93	10956	0.00029419	0.00034107	3.2478e-89	1.1126e-89	0.28173	1.5832e-10	108.77	19.604	1.7027	0.023836	8.9204e-10	5.4812e-11	0.00324	124.84	77.611	0.0013526	388.88	0.043232	3.96	0.11065	0.12393	3.2821e-320	5.815	3.1623e-05	16.85	0.29991	0.0024698	2.8652	5.1827e-321	1.0067	4.5088e-09	8.4337e-321	247.35	445.1	0.025113
16	347.78	10946	0.00029449	0.00034166	9.0275e-90	3.0481e-90	0.28174	1.5832e-10	106.78	19.588	1.7012	0.023997	1.2524e-09	5.7293e-11	0.0032412	123.22	77.602	0.0013529	388.96	0.04364	3.9847	0.11034	0.12423	3.2821e-320	5.815	3.1623e-05	16.668	0.29991	0.0024701	2.8651	5.2025e-321	1.0068	4.5694e-09	8.4831e-321	247.63	447.16	0.025211
16.1	347.63	10937	0.00029479	0.00034224	2.5092e-90	8.3505e-91	0.28174	1.5832e-10	104.83	19.572	1.6998	0.024157	1.675e-09	5.9339e-11	0.0032425	121.61	77.592	0.0013532	389.05	0.044048	4.0092	0.11004	0.12452	3.2821e-320	5.815	3.1623e-05	16.488	0.2999	0.0024704	2.8651	5.2272e-321	1.007	4.6302e-09	8.5325e-321	247.91	449.21	0.025309
16.2	347.49	10928	0.00029509	0.00034281	6.9746e-91	2.2877e-91	0.28175	1.5833e-10	102.92	19.555	1.6983	0.024318	2.1601e-09	6.1171e-11	0.0032437	120.03	77.583	0.0013535	389.13	0.044455	4.0336	0.10974	0.12481	3.2821e-320	5.815	3.1623e-05	16.312	0.2999	0.0024707	2.865	5.242e-321	1.0071	4.691e-09	8.5819e-321	248.17	451.25	0.025406
16.3	347.34	10919	0.00029538	0.00034339	1.9386e-91	6.2673e-92	0.28175	1.5833e-10	101.04	19.539	1.6969	0.024479	2.7083e-09	6.2893e-11	0.0032448	118.47	77.573	0.0013538	389.22	0.044862	4.058	0.10945	0.1251	3.2821e-320	5.815	3.1623e-05	16.137	0.29989	0.002471	2.8649	5.2618e-321	1.0072	4.7518e-09	8.6214e-321	248.43	453.27	0.025502
16.4	347.2	10910	0.00029567	0.00034396	5.3885e-92	1.717e-92	0.28176	1.5833e-10	99.195	19.523	1.6954	0.024641	3.3203e-09	6.4558e-11	0.003246	116.92	77.564	0.0013541	389.3	0.045269	4.0822	0.10915	0.12538	3.2821e-320	5.815	3.1623e-05	15.966	0.29989	0.0024713	2.8649	5.2816e-321	1.0073	4.8128e-09	8.6659e-321	248.67	455.27	0.025598
16.5	347.05	10902	0.00029596	0.00034452	1.4978e-92	4.7039e-93	0.28176	1.5833e-10	97.385	19.507	1.694	0.024802	3.9969e-09	6.6198e-11	0.0032472	115.4	77.555	0.0013544	389.38	0.045675	4.1064	0.10886	0.12566	3.2821e-320	5.815	3.1623e-05	15.797	0.29988	0.0024716	2.8648	5.3063e-321	1.0074	4.8738e-09	8.7054e-321	248.91	457.27	0.025693
16.6	346.91	10893	0.00029625	0.00034509	4.1631e-93	1.2887e-93	0.28176	1.5833e-10	95.609	19.491	1.6926	0.024963	4.7389e-09	6.783e-11	0.0032483	113.89	77.545	0.0013546	389.46	0.04608	4.1305	0.10857	0.12594	3.2821e-320	5.815	3.1623e-05	15.63	0.29988	0.0024719	2.8648	5.331e-321	1.0075	4.9348e-09	8.7499e-321	249.14	459.25	0.025787
16.7	346.77	10885	0.00029653	0.00034564	1.1571e-93	3.5304e-94	0.28176	1.5833e-10	93.867	19.476	1.6912	0.025125	5.5471e-09	6.9465e-11	0.0032495	112.41	77.536	0.0013549	389.54	0.046485	4.1544	0.10828	0.12621	3.2821e-320	5.815	3.1623e-05	15.466	0.29987	0.0024722	2.8647	5.3557e-321	1.0076	4.9959e-09	8.7993e-321	249.36	461.21	0.025881
16.8	346.63	10877	0.00029681	0.0003462	3.2163e-94	9.6719e-95	0.28176	1.5833e-10	92.157	19.46	1.6898	0.025286	6.4227e-09	7.1112e-11	0.0032506	110.94	77.527	0.0013552	389.62	0.046889	4.1783	0.108	0.12648	3.2821e-320	5.815	3.1623e-05	15.304	0.29987	0.0024726	2.8647	5.3754e-321	1.0077	5.057e-09	8.8438e-321	249.58	463.17	0.025974
16.9	346.5	10869	0.00029708	0.00034674	8.94e-95	2.6497e-95	0.28176	1.5833e-10	90.48	19.444	1.6884	0.025448	7.3665e-09	7.2776e-11	0.0032517	109.5	77.517	0.0013555	389.7	0.047293	4.2021	0.10771	0.12675	3.2821e-320	5.815	3.1623e-05	15.144	0.29987	0.0024729	2.8646	5.3952e-321	1.0078	5.1181e-09	8.8882e-321	249.78	465.11	0.026066
17	346.36	10861	0.00029736	0.00034729	2.4849e-95	7.2591e-96	0.28176	1.5833e-10	88.834	19.428	1.687	0.02561	8.3797e-09	7.446e-11	0.0032528	108.07	77.508	0.0013558	389.78	0.047696	4.2257	0.10743	0.12702	3.2821e-320	5.815	3.1623e-05	14.987	0.29987	0.0024732	2.8646	5.415e-321	1.0079	5.1792e-09	8.9327e-321	249.98	467.03	0.026158
17.1	346.22	10853	0.00029763	0.00034783	6.9069e-96	1.9887e-96	0.28176	1.5833e-10	87.22	19.413	1.6857	0.025771	9.4634e-09	7.6169e-11	0.0032539	106.66	77.499	0.001356	389.86	0.048098	4.2493	0.10716	0.12728	3.2821e-320	5.815	3.1623e-05	14.832	0.29986	0.0024735	2.8646	5.4347e-321	1.008	5.2403e-09	8.9772e-321	250.17	468.94	0.026248
17.2	346.09	10845	0.0002979	0.00034836	1.9198e-96	5.4482e-97	0.28175	1.5833e-10	85.635	19.397	1.6843	0.025933	1.0619e-08	7.7903e-11	0.0032549	105.27	77.49	0.0013563	389.94	0.048499	4.2727	0.10688	0.12754	3.2821e-320	5.815	3.1623e-05	14.68	0.29986	0.0024738	2.8645	5.4545e-321	1.0081	5.3014e-09	9.0216e-321	250.35	470.84	0.026339
17.3	345.95	10838	0.00029816	0.00034889	5.3362e-97	1.4926e-97	0.28175	1.5833e-10	84.081	19.382	1.683	0.026095	1.1847e-08	7.9666e-11	0.003256	103.9	77.48	0.0013566	390.02	0.048899	4.2961	0.10661	0.12779	3.2821e-320	5.815	3.1623e-05	14.529	0.29986	0.0024741	2.8645	5.4792e-321	1.0081	5.3625e-09	9.0661e-321	250.52	472.72	0.026428
17.4	345.82	10830	0.00029842	0.00034942	1.4832e-97	4.0891e-98	0.28175	1.5833e-10	82.556	19.367	1.6817	0.026258	1.3148e-08	8.1458e-11	0.003257	102.54	77.471	0.0013569	390.1	0.049299	4.3193	0.10633	0.12805	3.2821e-320	5.815	3.1623e-05	14.381	0.29986	0.0024744	2.8645	5.499e-321	1.0082	5.4235e-09	9.1056e-321	250.69	474.59	0.026517
17.5	345.69	10823	0.00029868	0.00034993	4.1227e-98	1.1202e-98	0.28174	1.5832e-10	81.06	19.351	1.6804	0.02642	1.4525e-08	8.3282e-11	0.0032581	101.2	77.462	0.0013571	390.18	0.049697	4.3424	0.10606	0.12829	3.2821e-320	5.815	3.1623e-05	14.235	0.29986	0.0024747	2.8645	5.5187e-321	1.0082	5.4845e-09	9.1501e-321	250.85	476.44	0.026606
17.6	345.56	10816	0.00029894	0.00035045	1.1459e-98	3.069e-99	0.28174	1.5832e-10	79.592	19.336	1.6791	0.026582	1.5978e-08	8.5138e-11	0.0032591	99.885	77.453	0.0013574	390.25	0.050095	4.3654	0.1058	0.12854	3.2821e-320	5.815	3.1623e-05	14.092	0.29986	0.002475	2.8645	5.5335e-321	1.0083	5.5454e-09	9.1946e-321	251	478.28	0.026693
17.7	345.43	10809	0.00029919	0.00035096	3.1851e-99	8.4078e-100	0.28173	1.5832e-10	78.153	19.321	1.6779	0.026745	1.7509e-08	8.7027e-11	0.00326	98.584	77.444	0.0013577	390.33	0.050491	4.3883	0.10553	0.12879	3.2821e-320	5.815	3.1623e-05	13.95	0.29986	0.0024753	2.8645	5.5533e-321	1.0083	5.6062e-09	9.239e-321	251.15	480.11	0.02678
17.8	345.3	10802	0.00029944	0.00035146	8.8533e-100	2.3034e-100	0.28173	1.5832e-10	76.74	19.306	1.6766	0.026907	1.9118e-08	8.895e-11	0.003261	97.3	77.435	0.0013579	390.4	0.050887	4.4111	0.10527	0.12903	3.2821e-320	5.815	3.1623e-05	13.81	0.29986	0.0024756	2.8645	5.5731e-321	1.0084	5.667e-09	9.2835e-321	251.29	481.92	0.026867
17.9	345.17	10795	0.00029969	0.00035196	2.4608e-100	6.3103e-101	0.28172	1.5831e-10	75.355	19.291	1.6753	0.02707	2.0808e-08	9.0909e-11	0.003262	96.034	77.426	0.0013582	390.48	0.051281	4.4338	0.10501	0.12926	3.2821e-320	5.815	3.1623e-05	13.673	0.29986	0.0024759	2.8644	5.5978e-321	1.0084	5.7277e-09	9.323e-321	251.42	483.72	0.026952
18	345.05	10788	0.00029993	0.00035246	6.8399e-101	1.7288e-101	0.28172	1.5831e-10	73.995	19.276	1.6741	0.027232	2.2578e-08	9.2904e-11	0.0032629	94.784	77.417	0.0013584	390.55	0.051674	4.4563	0.10475	0.1295	3.2821e-320	5.815	3.1623e-05	13.537	0.29986	0.0024762	2.8645	5.6175e-321	1.0085	5.7883e-09	9.3625e-321	251.55	485.51	0.027037
18.1	344.92	10782	0.00030018	0.00035294	1.9012e-101	4.7361e-102	0.28171	1.5831e-10	72.662	19.261	1.6729	0.027395	2.4431e-08	9.4936e-11	0.0032639	93.551	77.408	0.0013587	390.63	0.052066	4.4787	0.1045	0.12973	3.2821e-320	5.815	3.1623e-05	13.404	0.29987	0.0024765	2.8645	5.6373e-321	1.0085	5.8488e-09	9.3971e-321	251.67	487.28	0.027121
18.2	344.8	10775	0.00030041	0.00035343	5.2844e-102	1.2975e-102	0.2817	1.583e-10	71.354	19.247	1.6717	0.027558	2.6368e-08	9.7005e-11	0.0032648	92.335	77.399	0.0013589	390.7	0.052456	4.5011	0.10424	0.12996	3.2821e-320	5.815	3.1623e-05	13.273	0.29987	0.0024768	2.8645	5.6571e-321	1.0085	5.9091e-09	9.4416e-321	251.78	489.03	0.027205
18.3	344.68	10769	0.00030065	0.0003539	1.4688e-102	3.5546e-103	0.2817	1.583e-10	70.071	19.232	1.6705	0.027721	2.8389e-08	9.9113e-11	0.0032657	91.136	77.391	0.0013592	390.77	0.052845	4.5232	0.10399	0.13019	3.2821e-320	5.815	3.1623e-05	13.143	0.29987	0.0024771	2.8645	5.6768e-321	1.0085	5.9694e-09	9.4811e-321	251.89	490.78	0.027288
18.4	344.55	10762	0.00030088	0.00035438	4.0827e-103	9.7382e-104	0.28169	1.583e-10	68.813	19.217	1.6693	0.027884	3.0496e-08	1.0126e-10	0.0032666	89.952	77.382	0.0013595	390.84	0.053233	4.5453	0.10374	0.13041	3.2821e-320	5.815	3.1623e-05	13.016	0.29987	0.0024774	2.8645	5.6966e-321	1.0085	6.0295e-09	9.5256e-321	252	492.51	0.02737
18.5	344.43	10756	0.00030111	0.00035484	1.1348e-103	2.6679e-104	0.28168	1.5829e-10	67.578	19.203	1.6682	0.028047	3.269e-08	1.0345e-10	0.0032674	88.786	77.373	0.0013597	390.92	0.05362	4.5672	0.1035	0.13063	3.2821e-320	5.815	3.1623e-05	12.89	0.29988	0.0024777	2.8645	5.7114e-321	1.0086	6.0894e-09	9.5651e-321	252.1	494.22	0.027452
18.6	344.31	10750	0.00030134	0.0003553	3.1542e-104	7.3089e-105	0.28168	1.5829e-10	66.368	19.189	1.667	0.02821	3.4973e-08	1.0567e-10	0.0032683	87.635	77.364	0.0013599	390.99	0.054005	4.5891	0.10325	0.13085	3.2821e-320	5.815	3.1623e-05	12.766	0.29988	0.002478	2.8645	5.7312e-321	1.0086	6.1492e-09	9.6046e-321	252.19	495.92	0.027533
18.7	344.19	10744	0.00030156	0.00035576	8.7674e-105	2.0023e-105	0.28167	1.5828e-10	65.18	19.174	1.6659	0.028374	3.7345e-08	1.0794e-10	0.0032691	86.5	77.356	0.0013602	391.06	0.054388	4.6107	0.10301	0.13107	3.2821e-320	5.815	3.1623e-05	12.644	0.29988	0.0024783	2.8646	5.7509e-321	1.0086	6.2089e-09	9.6392e-321	252.28	497.61	0.027613
18.8	344.08	10738	0.00030179	0.00035621	2.4369e-105	5.4856e-106	0.28166	1.5828e-10	64.015	19.16	1.6648	0.028537	3.9807e-08	1.1025e-10	0.0032699	85.38	77.347	0.0013604	391.13	0.05477	4.6323	0.10277	0.13128	3.2821e-320	5.815	3.1623e-05	12.524	0.29989	0.0024786	2.8646	5.7707e-321	1.0086	6.2683e-09	9.6837e-321	252.36	499.28	0.027692
18.9	343.96	10732	0.000302	0.00035665	6.7736e-106	1.5028e-106	0.28165	1.5827e-10	62.873	19.146	1.6636	0.0287	4.2361e-08	1.1261e-10	0.0032708	84.277	77.339	0.0013607	391.2	0.055151	4.6537	0.10253	0.13149	3.2821e-320	5.815	3.1623e-05	12.406	0.29989	0.0024789	2.8646	5.7855e-321	1.0086	6.3276e-09	9.7232e-321	252.44	500.94	0.027771
19	343.84	10727	0.00030222	0.00035709	1.8827e-106	4.1171e-107	0.28164	1.5827e-10	61.753	19.132	1.6625	0.028864	4.5008e-08	1.15e-10	0.0032715	83.189	77.33	0.0013609	391.27	0.05553	4.675	0.10229	0.1317	3.2821e-320	5.815	3.1623e-05	12.289	0.2999	0.0024792	2.8647	5.8053e-321	1.0086	6.3867e-09	9.7627e-321	252.52	502.58	0.027849
19.1	343.73	10721	0.00030243	0.00035752	5.2332e-107	1.1279e-107	0.28163	1.5826e-10	60.654	19.118	1.6615	0.029027	4.7748e-08	1.1744e-10	0.0032723	82.116	77.322	0.0013612	391.33	0.055907	4.6962	0.10206	0.13191	3.2821e-320	5.815	3.1623e-05	12.175	0.2999	0.0024795	2.8647	5.8201e-321	1.0086	6.4456e-09	9.7973e-321	252.59	504.21	0.027927
19.2	343.62	10715	0.00030264	0.00035795	1.4546e-107	3.0901e-108	0.28163	1.5826e-10	59.576	19.104	1.6604	0.029191	5.0582e-08	1.1993e-10	0.0032731	81.058	77.313	0.0013614	391.4	0.056283	4.7172	0.10183	0.13211	3.2821e-320	5.815	3.1623e-05	12.062	0.29991	0.0024797	2.8647	5.8349e-321	1.0086	6.5042e-09	9.8368e-321	252.65	505.83	0.028004
19.3	343.5	10710	0.00030285	0.00035837	4.0431e-108	8.4655e-109	0.28162	1.5825e-10	58.52	19.09	1.6593	0.029355	5.3512e-08	1.2245e-10	0.0032738	80.015	77.305	0.0013616	391.47	0.056656	4.7381	0.1016	0.13231	3.2821e-320	5.815	3.1623e-05	11.95	0.29991	0.00248	2.8648	5.8547e-321	1.0086	6.5627e-09	9.8813e-321	252.71	507.43	0.02808
19.4	343.39	10705	0.00030306	0.00035879	1.1238e-108	2.3192e-109	0.28161	1.5825e-10	57.483	19.077	1.6583	0.029519	5.6538e-08	1.2503e-10	0.0032746	78.987	77.296	0.0013619	391.54	0.057028	4.7589	0.10137	0.13251	3.2821e-320	5.815	3.1623e-05	11.841	0.29992	0.0024803	2.8648	5.8695e-321	1.0086	6.6209e-09	9.9258e-321	252.77	509.02	0.028156
19.5	343.28	10699	0.00030326	0.0003592	3.1237e-109	6.3536e-110	0.2816	1.5825e-10	56.467	19.063	1.6573	0.029683	5.966e-08	1.2765e-10	0.0032753	77.973	77.288	0.0013621	391.6	0.057399	4.7795	0.10115	0.13271	3.2821e-320	5.815	3.1623e-05	11.733	0.29992	0.0024806	2.8649	5.8893e-321	1.0085	6.6789e-09	9.9653e-321	252.82	510.6	0.02823
19.6	343.17	10694	0.00030346	0.0003596	8.6823e-110	1.7406e-110	0.28159	1.5824e-10	55.47	19.05	1.6563	0.029847	6.2881e-08	1.3032e-10	0.003276	76.974	77.28	0.0013623	391.67	0.057767	4.8	0.10092	0.1329	3.2821e-320	5.815	3.1623e-05	11.627	0.29993	0.0024809	2.8649	5.9041e-321	1.0085	6.7367e-09	9.9999e-321	252.87	512.16	0.028305
19.7	343.07	10689	0.00030365	0.00036	2.4133e-110	4.7686e-111	0.28158	1.5824e-10	54.493	19.036	1.6552	0.030011	6.6199e-08	1.3303e-10	0.0032767	75.99	77.272	0.0013625	391.73	0.058133	4.8203	0.1007	0.13309	3.2821e-320	5.815	3.1623e-05	11.522	0.29994	0.0024812	2.865	5.9189e-321	1.0085	6.7942e-09	1.0039e-320	252.92	513.7	0.028378
19.8	342.96	10684	0.00030385	0.00036039	6.7079e-111	1.3064e-111	0.28157	1.5823e-10	53.534	19.023	1.6543	0.030175	6.9617e-08	1.358e-10	0.0032774	75.02	77.263	0.0013628	391.8	0.058498	4.8405	0.10048	0.13328	3.2821e-320	5.815	3.1623e-05	11.419	0.29994	0.0024815	2.865	5.9337e-321	1.0085	6.8514e-09	1.0074e-320	252.96	515.23	0.028451
19.9	342.85	10679	0.00030404	0.00036078	1.8645e-111	3.579e-112	0.28156	1.5823e-10	52.595	19.01	1.6533	0.030339	7.3134e-08	1.3861e-10	0.003278	74.063	77.255	0.001363	391.86	0.058861	4.8606	0.10027	0.13346	3.2821e-320	5.815	3.1623e-05	11.318	0.29995	0.0024817	2.8651	5.9486e-321	1.0085	6.9083e-09	1.0114e-320	252.99	516.75	0.028523
20	342.75	10674	0.00030422	0.00036116	5.1824e-112	9.8051e-113	0.28156	1.5822e-10	51.673	18.997	1.6523	0.030503	7.6751e-08	1.4147e-10	0.0032787	73.121	77.247	0.0013632	391.92	0.059221	4.8805	0.10005	0.13365	3.2821e-320	5.815	3.1623e-05	11.218	0.29996	0.002482	2.8651	5.9733e-321	1.0084	6.965e-09	1.0148e-320	253.03	518.25	0.028595
20.1	342.64	10669	0.00030441	0.00036154	1.4405e-112	2.6862e-113	0.28155	1.5822e-10	50.77	18.984	1.6514	0.030667	8.0468e-08	1.4438e-10	0.0032793	72.192	77.239	0.0013634	391.99	0.05958	4.9002	0.099841	0.13383	3.2821e-320	5.815	3.1623e-05	11.12	0.29997	0.0024823	2.8652	5.993e-321	1.0084	7.0214e-09	1.0193e-320	253.06	519.74	0.028665
20.2	342.54	10665	0.00030459	0.00036191	4.0039e-113	7.3591e-114	0.28154	1.5821e-10	49.884	18.971	1.6504	0.030832	8.4287e-08	1.4734e-10	0.0032799	71.277	77.231	0.0013636	392.05	0.059936	4.9199	0.099631	0.13401	3.2821e-320	5.815	3.1623e-05	11.023	0.29997	0.0024826	2.8653	6.0128e-321	1.0084	7.0775e-09	1.0232e-320	253.09	521.22	0.028736
20.3	342.44	10660	0.00030477	0.00036227	1.1129e-113	2.0161e-114	0.28153	1.5821e-10	49.016	18.958	1.6495	0.030996	8.8205e-08	1.5035e-10	0.0032805	70.376	77.224	0.0013639	392.11	0.06029	4.9393	0.099423	0.13418	3.2821e-320	5.815	3.1623e-05	10.928	0.29998	0.0024828	2.8653	6.0276e-321	1.0084	7.1333e-09	1.0272e-320	253.11	522.68	0.028805
20.4	342.34	10655	0.00030495	0.00036263	3.0934e-114	5.5232e-115	0.28152	1.582e-10	48.164	18.945	1.6486	0.031161	9.2226e-08	1.5341e-10	0.0032811	69.488	77.216	0.0013641	392.17	0.060643	4.9586	0.099217	0.13436	3.2821e-320	5.815	3.1623e-05	10.834	0.29999	0.0024831	2.8654	6.0424e-321	1.0083	7.1887e-09	1.0306e-320	253.13	524.13	0.028874
20.5	342.24	10651	0.00030512	0.00036298	8.5981e-115	1.5131e-115	0.28151	1.582e-10	47.33	18.932	1.6477	0.031325	9.6347e-08	1.5653e-10	0.0032817	68.613	77.208	0.0013643	392.23	0.060993	4.9778	0.099013	0.13453	3.2821e-320	5.815	3.1623e-05	10.742	0.3	0.0024834	2.8655	6.0572e-321	1.0083	7.2439e-09	1.0341e-320	253.15	525.56	0.028942
20.6	342.14	10646	0.00030529	0.00036333	2.3899e-115	4.1454e-116	0.2815	1.5819e-10	46.511	18.92	1.6468	0.03149	1.0057e-07	1.597e-10	0.0032823	67.752	77.2	0.0013645	392.29	0.06134	4.9968	0.098811	0.1347	3.2821e-320	5.815	3.1623e-05	10.651	0.30001	0.0024836	2.8655	6.0721e-321	1.0083	7.2987e-09	1.0375e-320	253.17	526.98	0.029009
20.7	342.04	10642	0.00030546	0.00036367	6.6428e-116	1.1357e-116	0.28149	1.5819e-10	45.709	18.907	1.6459	0.031655	1.0489e-07	1.6291e-10	0.0032828	66.903	77.192	0.0013647	392.35	0.061686	5.0157	0.098612	0.13486	3.2821e-320	5.815	3.1623e-05	10.561	0.30001	0.0024839	2.8656	6.0869e-321	1.0082	7.3532e-09	1.041e-320	253.18	528.38	0.029076
20.8	341.95	10638	0.00030563	0.00036401	1.8464e-116	3.1113e-117	0.28149	1.5818e-10	44.923	18.895	1.6451	0.031819	1.0932e-07	1.6619e-10	0.0032834	66.067	77.185	0.0013649	392.41	0.062029	5.0344	0.098414	0.13503	3.2821e-320	5.815	3.1623e-05	10.473	0.30002	0.0024842	2.8657	6.1067e-321	1.0082	7.4073e-09	1.044e-320	253.19	529.77	0.029142
20.9	341.85	10633	0.00030579	0.00036434	5.1322e-117	8.5236e-118	0.28148	1.5818e-10	44.152	18.883	1.6442	0.031984	1.1384e-07	1.6951e-10	0.0032839	65.244	77.177	0.0013651	392.47	0.062369	5.0529	0.098219	0.13519	3.2821e-320	5.815	3.1623e-05	10.387	0.30003	0.0024844	2.8658	6.1215e-321	1.0082	7.4611e-09	1.0479e-320	253.19	531.15	0.029207
21	341.76	10629	0.00030596	0.00036466	1.4265e-117	2.3351e-118	0.28147	1.5817e-10	43.396	18.871	1.6434	0.032149	1.1847e-07	1.7289e-10	0.0032844	64.433	77.17	0.0013653	392.53	0.062708	5.0713	0.098026	0.13535	3.2821e-320	5.815	3.1623e-05	10.302	0.30004	0.0024847	2.8658	6.1412e-321	1.0081	7.5146e-09	1.0514e-320	253.2	532.51	0.029272
21.1	341.67	10625	0.00030612	0.00036498	3.965e-118	6.3972e-119	0.28146	1.5817e-10	42.656	18.859	1.6426	0.032314	1.2319e-07	1.7633e-10	0.0032849	63.635	77.162	0.0013655	392.58	0.063044	5.0896	0.097835	0.13551	3.2821e-320	5.815	3.1623e-05	10.218	0.30005	0.002485	2.8659	6.1659e-321	1.0081	7.5676e-09	1.0548e-320	253.2	533.86	0.029336
21.2	341.57	10621	0.00030627	0.0003653	1.1021e-118	1.7526e-119	0.28145	1.5816e-10	41.93	18.847	1.6418	0.032479	1.2802e-07	1.7981e-10	0.0032854	62.85	77.155	0.0013657	392.64	0.063377	5.1076	0.097646	0.13566	3.2821e-320	5.815	3.1623e-05	10.135	0.30006	0.0024852	2.866	6.1808e-321	1.008	7.6203e-09	1.0583e-320	253.2	535.19	0.0294
21.3	341.48	10617	0.00030643	0.0003656	3.0634e-119	4.8014e-120	0.28144	1.5816e-10	41.219	18.835	1.641	0.032644	1.3294e-07	1.8336e-10	0.0032859	62.076	77.148	0.0013659	392.69	0.063708	5.1256	0.097459	0.13582	3.2821e-320	5.815	3.1623e-05	10.054	0.30007	0.0024855	2.8661	6.1956e-321	1.008	7.6726e-09	1.0627e-320	253.2	536.51	0.029462
21.4	341.39	10613	0.00030658	0.00036591	8.5147e-120	1.3154e-120	0.28143	1.5815e-10	40.522	18.823	1.6402	0.032809	1.3797e-07	1.8696e-10	0.0032863	61.315	77.14	0.0013661	392.75	0.064036	5.1433	0.097274	0.13597	3.2821e-320	5.815	3.1623e-05	9.9741	0.30008	0.0024857	2.8662	6.2055e-321	1.0079	7.7245e-09	1.0667e-320	253.2	537.81	0.029524
21.5	341.3	10609	0.00030673	0.00036621	2.3667e-120	3.6036e-121	0.28143	1.5815e-10	39.839	18.812	1.6394	0.032974	1.4308e-07	1.9061e-10	0.0032868	60.565	77.133	0.0013663	392.8	0.064362	5.1609	0.097092	0.13612	3.2821e-320	5.815	3.1623e-05	9.8956	0.30009	0.002486	2.8663	6.2203e-321	1.0079	7.7761e-09	1.0697e-320	253.19	539.1	0.029585
21.6	341.21	10606	0.00030687	0.0003665	6.5784e-121	9.8724e-122	0.28142	1.5814e-10	39.169	18.8	1.6386	0.033139	1.483e-07	1.9432e-10	0.0032872	59.828	77.126	0.0013665	392.86	0.064685	5.1783	0.096911	0.13627	3.2821e-320	5.815	3.1623e-05	9.8183	0.3001	0.0024862	2.8663	6.2351e-321	1.0079	7.8272e-09	1.0726e-320	253.18	540.38	0.029646
21.7	341.13	10602	0.00030702	0.00036679	1.8285e-121	2.7046e-122	0.28141	1.5814e-10	38.513	18.789	1.6379	0.033305	1.5361e-07	1.9808e-10	0.0032877	59.102	77.119	0.0013666	392.91	0.065006	5.1956	0.096733	0.13641	3.2821e-320	5.815	3.1623e-05	9.7423	0.30011	0.0024865	2.8664	6.2499e-321	1.0078	7.8779e-09	1.0761e-320	253.17	541.64	0.029706
21.8	341.04	10598	0.00030716	0.00036707	5.0824e-122	7.4096e-123	0.2814	1.5813e-10	37.871	18.778	1.6371	0.03347	1.5902e-07	2.0191e-10	0.0032881	58.387	77.112	0.0013668	392.97	0.065324	5.2127	0.096557	0.13655	3.2821e-320	5.815	3.1623e-05	9.6676	0.30012	0.0024867	2.8665	6.2746e-321	1.0078	7.9282e-09	1.0795e-320	253.16	542.89	0.029765
21.9	340.96	10595	0.0003073	0.00036734	1.4127e-122	2.0299e-123	0.2814	1.5813e-10	37.241	18.767	1.6364	0.033635	1.6451e-07	2.0578e-10	0.0032885	57.685	77.105	0.001367	393.02	0.065639	5.2296	0.096382	0.13669	3.2821e-320	5.815	3.1623e-05	9.5941	0.30013	0.002487	2.8666	6.2895e-321	1.0077	7.978e-09	1.083e-320	253.14	544.12	0.029824
22	340.87	10591	0.00030743	0.00036762	3.9266e-123	5.5611e-124	0.28139	1.5813e-10	36.625	18.756	1.6357	0.033801	1.701e-07	2.0972e-10	0.0032889	56.993	77.098	0.0013672	393.07	0.065951	5.2463	0.09621	0.13683	3.2821e-320	5.815	3.1623e-05	9.5218	0.30013	0.0024872	2.8667	6.3043e-321	1.0077	8.0275e-09	1.0865e-320	253.13	545.34	0.029882
22.1	340.79	10588	0.00030757	0.00036788	1.0914e-123	1.5235e-124	0.28138	1.5812e-10	36.02	18.745	1.635	0.033966	1.7578e-07	2.1371e-10	0.0032893	56.313	77.091	0.0013674	393.12	0.066261	5.2629	0.09604	0.13697	3.2821e-320	5.815	3.1623e-05	9.4508	0.30014	0.0024874	2.8668	6.3142e-321	1.0076	8.0764e-09	1.0899e-320	253.11	546.55	0.029939
22.2	340.71	10584	0.0003077	0.00036815	3.0336e-124	4.1738e-125	0.28137	1.5812e-10	35.429	18.734	1.6343	0.034132	1.8155e-07	2.1775e-10	0.0032897	55.645	77.084	0.0013675	393.17	0.066567	5.2793	0.095872	0.1371	3.2821e-320	5.815	3.1623e-05	9.3809	0.30015	0.0024877	2.8669	6.329e-321	1.0076	8.125e-09	1.0934e-320	253.09	547.74	0.029995
22.3	340.63	10581	0.00030783	0.0003684	8.4321e-125	1.1435e-125	0.28137	1.5811e-10	34.849	18.723	1.6336	0.034297	1.874e-07	2.2186e-10	0.00329	54.987	77.078	0.0013677	393.22	0.066871	5.2956	0.095706	0.13724	3.2821e-320	5.815	3.1623e-05	9.3123	0.30016	0.0024879	2.867	6.3438e-321	1.0075	8.1731e-09	1.0968e-320	253.07	548.91	0.030051
22.4	340.55	10578	0.00030796	0.00036865	2.3438e-125	3.1326e-126	0.28136	1.5811e-10	34.281	18.713	1.6329	0.034463	1.9334e-07	2.2601e-10	0.0032904	54.34	77.071	0.0013679	393.27	0.067172	5.3116	0.095543	0.13737	3.2821e-320	5.815	3.1623e-05	9.2448	0.30017	0.0024881	2.867	6.3537e-321	1.0075	8.2207e-09	1.0998e-320	253.05	550.07	0.030106
22.5	340.47	10574	0.00030808	0.0003689	6.5146e-126	8.5821e-127	0.28135	1.5811e-10	33.725	18.702	1.6323	0.034629	1.9936e-07	2.3023e-10	0.0032907	53.704	77.064	0.0013681	393.32	0.06747	5.3275	0.095381	0.13749	3.2821e-320	5.815	3.1623e-05	9.1784	0.30019	0.0024884	2.8671	6.3685e-321	1.0074	8.2679e-09	1.1037e-320	253.03	551.22	0.030161
22.6	340.39	10571	0.00030821	0.00036914	1.8108e-126	2.3511e-127	0.28134	1.581e-10	33.181	18.692	1.6316	0.034794	2.0546e-07	2.345e-10	0.0032911	53.079	77.058	0.0013682	393.37	0.067765	5.3433	0.095221	0.13762	3.2821e-320	5.815	3.1623e-05	9.1132	0.3002	0.0024886	2.8672	6.3784e-321	1.0074	8.3146e-09	1.1067e-320	253.01	552.35	0.030215
22.7	340.32	10568	0.00030833	0.00036938	5.0331e-127	6.4411e-128	0.28134	1.581e-10	32.648	18.682	1.631	0.03496	2.1164e-07	2.3882e-10	0.0032914	52.465	77.051	0.0013684	393.41	0.068057	5.3588	0.095064	0.13775	3.2821e-320	5.815	3.1623e-05	9.0492	0.30021	0.0024888	2.8673	6.3932e-321	1.0073	8.3609e-09	1.1097e-320	252.98	553.47	0.030268
22.8	340.24	10565	0.00030845	0.00036961	1.399e-127	1.7646e-128	0.28133	1.5809e-10	32.126	18.671	1.6304	0.035126	2.1789e-07	2.432e-10	0.0032917	51.861	77.045	0.0013686	393.46	0.068346	5.3741	0.094908	0.13787	3.2821e-320	5.815	3.1623e-05	8.9863	0.30022	0.002489	2.8674	6.4031e-321	1.0073	8.4066e-09	1.1131e-320	252.95	554.57	0.03032
22.9	340.16	10562	0.00030856	0.00036984	3.8885e-128	4.8343e-129	0.28133	1.5809e-10	31.615	18.661	1.6297	0.035292	2.2422e-07	2.4764e-10	0.003292	51.267	77.039	0.0013687	393.51	0.068632	5.3893	0.094755	0.13799	3.2821e-320	5.815	3.1623e-05	8.9244	0.30023	0.0024893	2.8675	6.413e-321	1.0072	8.4519e-09	1.1166e-320	252.93	555.66	0.030372
23	340.09	10559	0.00030868	0.00037006	1.0808e-128	1.3244e-129	0.28132	1.5809e-10	31.115	18.652	1.6291	0.035458	2.3062e-07	2.5213e-10	0.0032924	50.684	77.033	0.0013689	393.55	0.068915	5.4043	0.094604	0.13811	3.2821e-320	5.815	3.1623e-05	8.8637	0.30024	0.0024895	2.8676	6.4278e-321	1.0072	8.4967e-09	1.1205e-320	252.9	556.74	0.030423
23.1	340.02	10556	0.00030879	0.00037028	3.0042e-129	3.6283e-130	0.28131	1.5808e-10	30.625	18.642	1.6285	0.035623	2.3709e-07	2.5667e-10	0.0032926	50.111	77.026	0.001369	393.6	0.069195	5.4191	0.094455	0.13822	3.2821e-320	5.815	3.1623e-05	8.8041	0.30025	0.0024897	2.8677	6.4377e-321	1.0071	8.5409e-09	1.124e-320	252.87	557.8	0.030473
23.2	339.95	10553	0.0003089	0.00037049	8.3504e-130	9.9401e-131	0.28131	1.5808e-10	30.146	18.632	1.6279	0.035789	2.4363e-07	2.6127e-10	0.0032929	49.549	77.02	0.0013692	393.64	0.069472	5.4338	0.094308	0.13834	3.2821e-320	5.815	3.1623e-05	8.7455	0.30026	0.0024899	2.8678	6.4525e-321	1.0071	8.5847e-09	1.127e-320	252.84	558.84	0.030523
23.3	339.88	10550	0.00030901	0.0003707	2.321e-130	2.7232e-131	0.2813	1.5808e-10	29.678	18.623	1.6274	0.035955	2.5022e-07	2.6592e-10	0.0032932	48.996	77.014	0.0013693	393.69	0.069745	5.4482	0.094163	0.13845	3.2821e-320	5.815	3.1623e-05	8.688	0.30027	0.0024901	2.8679	6.4624e-321	1.007	8.628e-09	1.1299e-320	252.81	559.87	0.030572
23.4	339.81	10547	0.00030912	0.00037091	6.4514e-131	7.4604e-132	0.28129	1.5807e-10	29.219	18.613	1.6268	0.036121	2.5688e-07	2.7062e-10	0.0032935	48.454	77.008	0.0013695	393.73	0.070015	5.4625	0.09402	0.13856	3.2821e-320	5.815	3.1623e-05	8.6316	0.30028	0.0024903	2.868	6.4772e-321	1.007	8.6707e-09	1.1339e-320	252.78	560.89	0.03062
23.5	339.74	10545	0.00030922	0.00037111	1.7932e-131	2.0438e-132	0.28129	1.5807e-10	28.77	18.604	1.6263	0.036288	2.6359e-07	2.7537e-10	0.0032937	47.921	77.002	0.0013696	393.77	0.070282	5.4766	0.093879	0.13867	3.2821e-320	5.815	3.1623e-05	8.5762	0.30029	0.0024905	2.8681	6.4871e-321	1.0069	8.7129e-09	1.1368e-320	252.74	561.89	0.030668
23.6	339.67	10542	0.00030932	0.0003713	4.9843e-132	5.5993e-133	0.28128	1.5807e-10	28.332	18.595	1.6257	0.036454	2.7036e-07	2.8018e-10	0.003294	47.398	76.997	0.0013698	393.82	0.070546	5.4905	0.09374	0.13878	3.2821e-320	5.815	3.1623e-05	8.5218	0.3003	0.0024907	2.8681	6.5019e-321	1.0069	8.7546e-09	1.1398e-320	252.71	562.88	0.030714
23.7	339.6	10539	0.00030942	0.0003715	1.3854e-132	1.534e-133	0.28128	1.5806e-10	27.902	18.586	1.6252	0.03662	2.7717e-07	2.8503e-10	0.0032942	46.885	76.991	0.0013699	393.86	0.070806	5.5042	0.093604	0.13888	3.2821e-320	5.815	3.1623e-05	8.4685	0.30031	0.0024909	2.8682	6.5068e-321	1.0068	8.7958e-09	1.1428e-320	252.68	563.85	0.030761
23.8	339.54	10537	0.00030952	0.00037168	3.8508e-133	4.2025e-134	0.28127	1.5806e-10	27.483	18.577	1.6247	0.036786	2.8403e-07	2.8993e-10	0.0032945	46.382	76.985	0.0013701	393.9	0.071063	5.5177	0.093469	0.13898	3.2821e-320	5.815	3.1623e-05	8.4162	0.30032	0.0024911	2.8683	6.5217e-321	1.0068	8.8364e-09	1.1452e-320	252.64	564.81	0.030806
23.9	339.48	10534	0.00030961	0.00037187	1.0703e-133	1.1513e-134	0.28127	1.5806e-10	27.072	18.568	1.6241	0.036952	2.9094e-07	2.9488e-10	0.0032947	45.888	76.98	0.0013702	393.94	0.071317	5.531	0.093337	0.13909	3.2821e-320	5.815	3.1623e-05	8.3649	0.30033	0.0024913	2.8684	6.5365e-321	1.0067	8.8765e-09	1.1487e-320	252.61	565.75	0.030851
24	339.41	10532	0.00030971	0.00037205	2.9751e-134	3.1541e-135	0.28126	1.5806e-10	26.671	18.559	1.6236	0.037119	2.9788e-07	2.9987e-10	0.0032949	45.404	76.974	0.0013704	393.98	0.071567	5.5442	0.093206	0.13919	3.2821e-320	5.815	3.1623e-05	8.3146	0.30034	0.0024915	2.8685	6.5464e-321	1.0067	8.916e-09	1.1512e-320	252.57	566.68	0.030895
24.1	339.35	10529	0.0003098	0.00037222	8.2694e-135	8.641e-136	0.28126	1.5805e-10	26.279	18.551	1.6231	0.037285	3.0486e-07	3.0491e-10	0.0032951	44.929	76.969	0.0013705	394.02	0.071814	5.5571	0.093078	0.13928	3.2821e-320	5.815	3.1623e-05	8.2652	0.30035	0.0024917	2.8686	6.5563e-321	1.0066	8.955e-09	1.1541e-320	252.54	567.59	0.030938
24.2	339.29	10527	0.00030989	0.00037239	2.2985e-135	2.3673e-136	0.28125	1.5805e-10	25.896	18.543	1.6227	0.037451	3.1186e-07	3.0999e-10	0.0032953	44.463	76.963	0.0013706	394.06	0.072057	5.5699	0.092952	0.13938	3.2821e-320	5.815	3.1623e-05	8.2169	0.30036	0.0024919	2.8687	6.576e-321	1.0066	8.9934e-09	1.1576e-320	252.5	568.49	0.030981
24.3	339.23	10524	0.00030998	0.00037256	6.3888e-136	6.4853e-137	0.28125	1.5805e-10	25.522	18.534	1.6222	0.037618	3.189e-07	3.1511e-10	0.0032955	44.007	76.958	0.0013708	394.09	0.072297	5.5824	0.092828	0.13947	3.2821e-320	5.815	3.1623e-05	8.1695	0.30036	0.002492	2.8688	6.5908e-321	1.0065	9.0313e-09	1.1611e-320	252.47	569.38	0.031023
24.4	339.17	10522	0.00031006	0.00037272	1.7758e-136	1.7767e-137	0.28124	1.5805e-10	25.156	18.526	1.6217	0.037784	3.2596e-07	3.2027e-10	0.0032957	43.56	76.953	0.0013709	394.13	0.072533	5.5948	0.092706	0.13957	3.2821e-320	5.815	3.1623e-05	8.1231	0.30037	0.0024922	2.8689	6.6057e-321	1.0065	9.0686e-09	1.164e-320	252.43	570.25	0.031064
24.5	339.11	10520	0.00031015	0.00037288	4.9359e-137	4.8675e-138	0.28124	1.5804e-10	24.799	18.518	1.6213	0.03795	3.3303e-07	3.2547e-10	0.0032959	43.122	76.948	0.001371	394.17	0.072766	5.6069	0.092586	0.13966	3.2821e-320	5.815	3.1623e-05	8.0776	0.30038	0.0024924	2.8689	6.6205e-321	1.0064	9.1053e-09	1.167e-320	252.4	571.1	0.031105
24.6	339.05	10518	0.00031023	0.00037304	1.372e-137	1.3335e-138	0.28124	1.5804e-10	24.45	18.51	1.6208	0.038117	3.4012e-07	3.3071e-10	0.0032961	42.693	76.943	0.0013711	394.2	0.072995	5.6189	0.092468	0.13974	3.2821e-320	5.815	3.1623e-05	8.0331	0.30039	0.0024926	2.869	6.6304e-321	1.0064	9.1415e-09	1.1695e-320	252.36	571.94	0.031145
24.7	339	10516	0.00031031	0.00037319	3.8134e-138	3.6532e-139	0.28123	1.5804e-10	24.11	18.503	1.6204	0.038283	3.4722e-07	3.3598e-10	0.0032963	42.273	76.938	0.0013713	394.24	0.073221	5.6307	0.092352	0.13983	3.2821e-320	5.815	3.1623e-05	7.9895	0.3004	0.0024927	2.8691	6.6452e-321	1.0063	9.1771e-09	1.1729e-320	252.32	572.77	0.031184
24.8	338.94	10513	0.00031039	0.00037333	1.06e-138	1.0008e-139	0.28123	1.5804e-10	23.777	18.495	1.62	0.03845	3.5433e-07	3.4128e-10	0.0032964	41.862	76.933	0.0013714	394.27	0.073442	5.6422	0.092239	0.13992	3.2821e-320	5.815	3.1623e-05	7.9468	0.30041	0.0024929	2.8692	6.6551e-321	1.0063	9.2121e-09	1.1759e-320	252.29	573.58	0.031222
24.9	338.89	10511	0.00031047	0.00037348	2.9462e-139	2.7419e-140	0.28122	1.5803e-10	23.453	18.487	1.6195	0.038617	3.6143e-07	3.4662e-10	0.0032966	41.46	76.928	0.0013715	394.31	0.073661	5.6536	0.092127	0.14	3.2821e-320	5.815	3.1623e-05	7.9051	0.30042	0.0024931	2.8693	6.6699e-321	1.0062	9.2465e-09	1.1783e-320	252.25	574.37	0.03126
25	338.83	10509	0.00031054	0.00037362	8.1891e-140	7.5116e-141	0.28122	1.5803e-10	23.137	18.48	1.6191	0.038783	3.6853e-07	3.5198e-10	0.0032968	41.066	76.923	0.0013716	394.34	0.073875	5.6648	0.092018	0.14008	3.2821e-320	5.815	3.1623e-05	7.8642	0.30043	0.0024932	2.8694	6.6798e-321	1.0062	9.2803e-09	1.1808e-320	252.21	575.15	0.031297
25.1	338.78	10507	0.00031062	0.00037375	2.2762e-140	2.0579e-141	0.28122	1.5803e-10	22.828	18.473	1.6187	0.03895	3.7562e-07	3.5737e-10	0.0032969	40.682	76.919	0.0013717	394.37	0.074086	5.6758	0.091911	0.14016	3.2821e-320	5.815	3.1623e-05	7.8243	0.30044	0.0024934	2.8694	6.6946e-321	1.0061	9.3135e-09	1.1828e-320	252.18	575.92	0.031333
25.2	338.73	10505	0.00031069	0.00037389	6.3268e-141	5.6377e-142	0.28121	1.5803e-10	22.528	18.466	1.6184	0.039116	3.827e-07	3.6278e-10	0.0032971	40.306	76.914	0.0013718	394.41	0.074293	5.6865	0.091805	0.14024	3.2821e-320	5.815	3.1623e-05	7.7853	0.30045	0.0024935	2.8695	6.6995e-321	1.0061	9.3461e-09	1.1848e-320	252.14	576.67	0.031369
25.3	338.68	10503	0.00031076	0.00037402	1.7586e-141	1.5445e-142	0.28121	1.5803e-10	22.235	18.459	1.618	0.039283	3.8975e-07	3.6821e-10	0.0032972	39.938	76.91	0.0013719	394.44	0.074497	5.6971	0.091702	0.14032	3.2821e-320	5.815	3.1623e-05	7.7472	0.30046	0.0024937	2.8696	6.7144e-321	1.0061	9.3781e-09	1.1872e-320	252.1	577.41	0.031404
25.4	338.63	10502	0.00031083	0.00037414	4.888e-142	4.2313e-143	0.2812	1.5802e-10	21.949	18.452	1.6176	0.03945	3.9678e-07	3.7366e-10	0.0032973	39.579	76.905	0.0013721	394.47	0.074696	5.7075	0.091601	0.14039	3.2821e-320	5.815	3.1623e-05	7.7099	0.30046	0.0024938	2.8697	6.7292e-321	1.006	9.4095e-09	1.1897e-320	252.07	578.13	0.031438
25.5	338.58	10500	0.00031089	0.00037427	1.3587e-142	1.1592e-143	0.2812	1.5802e-10	21.671	18.445	1.6172	0.039617	4.0378e-07	3.7913e-10	0.0032975	39.229	76.901	0.0013722	394.5	0.074892	5.7176	0.091502	0.14046	3.2821e-320	5.815	3.1623e-05	7.6736	0.30047	0.002494	2.8698	6.7391e-321	1.006	9.4403e-09	1.1917e-320	252.03	578.83	0.031472
25.6	338.54	10498	0.00031096	0.00037438	3.7764e-143	3.1757e-144	0.2812	1.5802e-10	21.4	18.439	1.6169	0.039783	4.1075e-07	3.846e-10	0.0032976	38.887	76.897	0.0013723	394.53	0.075084	5.7276	0.091406	0.14054	3.2821e-320	5.815	3.1623e-05	7.6381	0.30048	0.0024941	2.8698	6.7539e-321	1.0059	9.4704e-09	1.1937e-320	252	579.53	0.031505
25.7	338.49	10496	0.00031102	0.0003745	1.0497e-143	8.7003e-145	0.2812	1.5802e-10	21.137	18.432	1.6165	0.03995	4.1767e-07	3.9009e-10	0.0032977	38.553	76.893	0.0013724	394.56	0.075272	5.7373	0.091311	0.1406	3.2821e-320	5.815	3.1623e-05	7.6035	0.30049	0.0024942	2.8699	6.7638e-321	1.0059	9.5e-09	1.1956e-320	251.96	580.2	0.031537
25.8	338.45	10494	0.00031108	0.00037461	2.9176e-144	2.3835e-145	0.28119	1.5802e-10	20.881	18.426	1.6162	0.040117	4.2455e-07	3.9558e-10	0.0032978	38.228	76.889	0.0013725	394.59	0.075456	5.7468	0.091219	0.14067	3.2821e-320	5.815	3.1623e-05	7.5697	0.3005	0.0024944	2.87	6.7786e-321	1.0058	9.5289e-09	1.1971e-320	251.92	580.86	0.031568
25.9	338.4	10493	0.00031114	0.00037472	8.1097e-145	6.5298e-146	0.28119	1.5801e-10	20.631	18.42	1.6159	0.040284	4.3138e-07	4.0108e-10	0.0032979	37.911	76.885	0.0013726	394.61	0.075636	5.7562	0.091128	0.14074	3.2821e-320	5.815	3.1623e-05	7.5368	0.3005	0.0024945	2.87	6.7835e-321	1.0058	9.5572e-09	1.1986e-320	251.89	581.51	0.031599
26	338.36	10491	0.0003112	0.00037483	2.2541e-145	1.7889e-146	0.28119	1.5801e-10	20.389	18.414	1.6156	0.040451	4.3815e-07	4.0657e-10	0.003298	37.602	76.881	0.0013727	394.64	0.075813	5.7653	0.09104	0.1408	3.2821e-320	5.815	3.1623e-05	7.5048	0.30051	0.0024946	2.8701	6.7934e-321	1.0058	9.5849e-09	1.2006e-320	251.86	582.14	0.031629
26.1	338.32	10490	0.00031126	0.00037493	6.2655e-146	4.9009e-147	0.28118	1.5801e-10	20.154	18.408	1.6152	0.040618	4.4486e-07	4.1206e-10	0.0032981	37.301	76.877	0.0013727	394.67	0.075985	5.7742	0.090954	0.14087	3.2821e-320	5.8151	3.1623e-05	7.4736	0.30052	0.0024948	2.8702	6.8033e-321	1.0057	9.6119e-09	1.2021e-320	251.82	582.76	0.031658
26.2	338.28	10488	0.00031131	0.00037503	1.7415e-146	1.3426e-147	0.28118	1.5801e-10	19.925	18.402	1.6149	0.040785	4.515e-07	4.1755e-10	0.0032982	37.008	76.873	0.0013728	394.69	0.076153	5.7829	0.09087	0.14093	3.2821e-320	5.8151	3.1623e-05	7.4432	0.30053	0.0024949	2.8703	6.8082e-321	1.0057	9.6383e-09	1.204e-320	251.79	583.36	0.031686
26.3	338.24	10487	0.00031136	0.00037513	4.8406e-147	3.6783e-148	0.28118	1.5801e-10	19.704	18.397	1.6147	0.040951	4.5806e-07	4.2302e-10	0.0032983	36.724	76.87	0.0013729	394.72	0.076317	5.7913	0.090788	0.14099	3.2821e-320	5.8151	3.1623e-05	7.4137	0.30053	0.002495	2.8703	6.823e-321	1.0056	9.664e-09	1.206e-320	251.76	583.95	0.031714
26.4	338.2	10485	0.00031142	0.00037522	1.3455e-147	1.0077e-148	0.28118	1.5801e-10	19.489	18.391	1.6144	0.041118	4.6455e-07	4.2847e-10	0.0032984	36.447	76.866	0.001373	394.74	0.076478	5.7996	0.090708	0.14104	3.2821e-320	5.8151	3.1623e-05	7.385	0.30054	0.0024951	2.8704	6.8329e-321	1.0056	9.6891e-09	1.208e-320	251.72	584.52	0.031741
26.5	338.16	10484	0.00031147	0.00037531	3.7398e-148	2.7607e-149	0.28117	1.5801e-10	19.28	18.386	1.6141	0.041285	4.7095e-07	4.3391e-10	0.0032985	36.179	76.863	0.0013731	394.77	0.076634	5.8077	0.09063	0.1411	3.2821e-320	5.8151	3.1623e-05	7.3571	0.30055	0.0024952	2.8704	6.8379e-321	1.0056	9.7136e-09	1.2095e-320	251.69	585.07	0.031768
26.6	338.12	10482	0.00031152	0.0003754	1.0395e-148	7.5631e-150	0.28117	1.58e-10	19.079	18.381	1.6138	0.041452	4.7726e-07	4.3932e-10	0.0032986	35.918	76.859	0.0013732	394.79	0.076786	5.8155	0.090555	0.14116	3.2821e-320	5.8151	3.1623e-05	7.3301	0.30055	0.0024954	2.8705	6.8428e-321	1.0055	9.7374e-09	1.2114e-320	251.66	585.61	0.031793
26.7	338.09	10481	0.00031156	0.00037548	2.8893e-149	2.072e-150	0.28117	1.58e-10	18.883	18.376	1.6136	0.041619	4.8348e-07	4.4471e-10	0.0032987	35.665	76.856	0.0013733	394.81	0.076934	5.8231	0.090481	0.14121	3.2821e-320	5.8151	3.1623e-05	7.3039	0.30056	0.0024955	2.8706	6.8527e-321	1.0055	9.7606e-09	1.2129e-320	251.63	586.14	0.031818
26.8	338.05	10480	0.00031161	0.00037556	8.0311e-150	5.6764e-151	0.28117	1.58e-10	18.694	18.371	1.6133	0.041787	4.8959e-07	4.5006e-10	0.0032987	35.42	76.853	0.0013733	394.83	0.077078	5.8305	0.09041	0.14126	3.2821e-320	5.8151	3.1623e-05	7.2785	0.30057	0.0024956	2.8706	6.8576e-321	1.0055	9.7831e-09	1.2144e-320	251.6	586.65	0.031842
26.9	338.02	10479	0.00031165	0.00037564	2.2323e-150	1.5551e-151	0.28116	1.58e-10	18.512	18.366	1.6131	0.041954	4.956e-07	4.5538e-10	0.0032988	35.183	76.85	0.0013734	394.85	0.077218	5.8377	0.090341	0.14131	3.2821e-320	5.8151	3.1623e-05	7.2539	0.30057	0.0024957	2.8707	6.8626e-321	1.0054	9.8049e-09	1.2154e-320	251.57	587.14	0.031866
27	337.99	10477	0.0003117	0.00037572	6.2047e-151	4.2603e-152	0.28116	1.58e-10	18.336	18.362	1.6128	0.042121	5.0149e-07	4.6066e-10	0.0032989	34.954	76.847	0.0013735	394.88	0.077353	5.8447	0.090274	0.14136	3.2821e-320	5.8151	3.1623e-05	7.2301	0.30058	0.0024958	2.8707	6.8675e-321	1.0054	9.8261e-09	1.2169e-320	251.54	587.62	0.031889
27.1	337.96	10476	0.00031174	0.00037579	1.7246e-151	1.1672e-152	0.28116	1.58e-10	18.166	18.357	1.6126	0.042288	5.0726e-07	4.659e-10	0.0032989	34.733	76.844	0.0013735	394.9	0.077485	5.8514	0.090209	0.1414	3.2821e-320	5.8151	3.1623e-05	7.2071	0.30058	0.0024959	2.8708	6.8725e-321	1.0054	9.8466e-09	1.2189e-320	251.51	588.09	0.031911
27.2	337.93	10475	0.00031178	0.00037586	4.7937e-152	3.1975e-153	0.28116	1.58e-10	18.002	18.353	1.6124	0.042455	5.1291e-07	4.7108e-10	0.003299	34.519	76.841	0.0013736	394.91	0.077612	5.858	0.090146	0.14145	3.2821e-320	5.8151	3.1623e-05	7.185	0.30059	0.0024959	2.8708	6.8774e-321	1.0053	9.8665e-09	1.2203e-320	251.49	588.53	0.031932
27.3	337.9	10474	0.00031181	0.00037593	1.3324e-152	8.76e-154	0.28116	1.58e-10	17.844	18.349	1.6122	0.042622	5.1842e-07	4.7622e-10	0.003299	34.313	76.838	0.0013737	394.93	0.077735	5.8643	0.090086	0.14149	3.2821e-320	5.8151	3.1623e-05	7.1636	0.30059	0.002496	2.8709	6.8873e-321	1.0053	9.8856e-09	1.2213e-320	251.46	588.97	0.031953
27.4	337.87	10473	0.00031185	0.000376	3.7035e-153	2.3999e-154	0.28116	1.58e-10	17.693	18.345	1.612	0.042789	5.238e-07	4.8129e-10	0.0032991	34.115	76.836	0.0013737	394.95	0.077854	5.8704	0.090027	0.14153	3.2821e-320	5.8151	3.1623e-05	7.143	0.3006	0.0024961	2.8709	6.8922e-321	1.0053	9.9042e-09	1.2223e-320	251.43	589.39	0.031972
27.5	337.84	10472	0.00031189	0.00037606	1.0294e-153	6.5747e-155	0.28115	1.58e-10	17.547	18.341	1.6118	0.042957	5.2904e-07	4.863e-10	0.0032991	33.924	76.833	0.0013738	394.97	0.077968	5.8763	0.089971	0.14157	3.2821e-320	5.8151	3.1623e-05	7.1232	0.30061	0.0024962	2.871	6.8922e-321	1.0053	9.922e-09	1.2233e-320	251.41	589.79	0.031991
27.6	337.82	10471	0.00031192	0.00037612	2.8613e-154	1.8012e-155	0.28115	1.5799e-10	17.408	18.337	1.6116	0.043124	5.3413e-07	4.9125e-10	0.0032992	33.741	76.831	0.0013739	394.99	0.078078	5.8819	0.089917	0.14161	3.2821e-320	5.8151	3.1623e-05	7.1042	0.30061	0.0024963	2.871	6.9021e-321	1.0052	9.9391e-09	1.2238e-320	251.38	590.18	0.03201
27.7	337.79	10470	0.00031195	0.00037617	7.9532e-155	4.9345e-156	0.28115	1.5799e-10	17.274	18.333	1.6114	0.043291	5.3907e-07	4.9612e-10	0.0032992	33.565	76.829	0.0013739	395	0.078184	5.8873	0.089865	0.14165	3.2821e-320	5.8151	3.1623e-05	7.086	0.30061	0.0024964	2.8711	6.912e-321	1.0052	9.9556e-09	1.2243e-320	251.36	590.55	0.032027
27.8	337.77	10469	0.00031198	0.00037623	2.2106e-155	1.3519e-156	0.28115	1.5799e-10	17.146	18.33	1.6113	0.043458	5.4385e-07	5.0092e-10	0.0032993	33.397	76.826	0.001374	395.02	0.078286	5.8925	0.089815	0.14168	3.2821e-320	5.8151	3.1623e-05	7.0686	0.30062	0.0024964	2.8711	6.9219e-321	1.0052	9.9714e-09	1.2258e-320	251.34	590.9	0.032044
27.9	337.74	10468	0.00031201	0.00037628	6.1445e-156	3.7035e-157	0.28115	1.5799e-10	17.025	18.327	1.6111	0.043626	5.4847e-07	5.0564e-10	0.0032993	33.237	76.824	0.001374	395.03	0.078383	5.8975	0.089768	0.14172	3.2821e-320	5.8151	3.1623e-05	7.0519	0.30062	0.0024965	2.8712	6.9268e-321	1.0052	9.9865e-09	1.2273e-320	251.32	591.24	0.032061
28	337.72	10467	0.00031204	0.00037633	1.7079e-156	1.0146e-157	0.28115	1.5799e-10	16.909	18.324	1.6109	0.043793	5.5292e-07	5.1027e-10	0.0032993	33.084	76.822	0.0013741	395.05	0.078476	5.9023	0.089722	0.14175	3.2821e-320	5.8151	3.1623e-05	7.0361	0.30063	0.0024966	2.8712	6.9367e-321	1.0051	1.0001e-08	1.2282e-320	251.3	591.57	0.032076
28.1	337.7	10467	0.00031207	0.00037638	4.7472e-157	2.7796e-158	0.28115	1.5799e-10	16.799	18.321	1.6108	0.04396	5.5719e-07	5.1481e-10	0.0032994	32.939	76.82	0.0013741	395.06	0.078564	5.9068	0.089679	0.14178	3.2821e-320	5.8151	3.1623e-05	7.021	0.30063	0.0024966	2.8712	6.9416e-321	1.0051	1.0015e-08	1.2297e-320	251.28	591.88	0.032091
28.2	337.68	10466	0.00031209	0.00037642	1.3195e-157	7.615e-159	0.28114	1.5799e-10	16.695	18.318	1.6107	0.044128	5.6128e-07	5.1925e-10	0.0032994	32.801	76.818	0.0013742	395.07	0.078648	5.9111	0.089638	0.14181	3.2821e-320	5.8151	3.1623e-05	7.0067	0.30063	0.0024967	2.8713	6.9416e-321	1.0051	1.0028e-08	1.2312e-320	251.26	592.17	0.032105
28.3	337.66	10465	0.00031212	0.00037646	3.6676e-158	2.0862e-159	0.28114	1.5799e-10	16.596	18.315	1.6105	0.044295	5.6519e-07	5.236e-10	0.0032994	32.671	76.817	0.0013742	395.08	0.078728	5.9152	0.089599	0.14184	3.2821e-320	5.8151	3.1623e-05	6.9932	0.30064	0.0024967	2.8713	6.9466e-321	1.0051	1.004e-08	1.2322e-320	251.24	592.45	0.032118
28.4	337.64	10465	0.00031214	0.0003765	1.0194e-158	5.7154e-160	0.28114	1.5799e-10	16.503	18.313	1.6104	0.044462	5.6891e-07	5.2784e-10	0.0032994	32.548	76.815	0.0013742	395.09	0.078803	5.919	0.089563	0.14186	3.2821e-320	5.8151	3.1623e-05	6.9804	0.30064	0.0024968	2.8713	6.9515e-321	1.0051	1.0052e-08	1.2327e-320	251.22	592.71	0.03213
28.5	337.63	10464	0.00031216	0.00037654	2.8336e-159	1.5658e-160	0.28114	1.5799e-10	16.416	18.31	1.6103	0.04463	5.7244e-07	5.3197e-10	0.0032995	32.432	76.813	0.0013743	395.1	0.078874	5.9226	0.089528	0.14189	3.2821e-320	5.8151	3.1623e-05	6.9684	0.30064	0.0024968	2.8714	6.9564e-321	1.0051	1.0063e-08	1.2342e-320	251.21	592.96	0.032142
28.6	337.61	10463	0.00031218	0.00037657	7.876e-160	4.2896e-161	0.28114	1.5799e-10	16.335	18.308	1.6102	0.044797	5.7577e-07	5.3599e-10	0.0032995	32.325	76.812	0.0013743	395.11	0.078941	5.926	0.089496	0.14191	3.2821e-320	5.8151	3.1623e-05	6.9572	0.30065	0.0024969	2.8714	6.9614e-321	1.005	1.0073e-08	1.2352e-320	251.19	593.19	0.032153
28.7	337.6	10463	0.0003122	0.0003766	2.1892e-160	1.1752e-161	0.28114	1.5799e-10	16.259	18.306	1.6101	0.044964	5.7889e-07	5.3989e-10	0.0032995	32.224	76.811	0.0013743	395.12	0.079002	5.9292	0.089466	0.14193	3.2821e-320	5.8151	3.1623e-05	6.9468	0.30065	0.0024969	2.8714	6.9713e-321	1.005	1.0083e-08	1.2366e-320	251.18	593.41	0.032163
28.8	337.58	10462	0.00031221	0.00037663	6.0849e-161	3.2195e-162	0.28114	1.5799e-10	16.189	18.304	1.61	0.045132	5.8181e-07	5.4368e-10	0.0032995	32.131	76.809	0.0013744	395.13	0.07906	5.9321	0.089438	0.14195	3.2821e-320	5.8151	3.1623e-05	6.9371	0.30065	0.002497	2.8714	6.9762e-321	1.005	1.0091e-08	1.2376e-320	251.16	593.61	0.032173
28.9	337.57	10462	0.00031223	0.00037666	1.6913e-161	8.8201e-163	0.28114	1.5799e-10	16.125	18.302	1.6099	0.045299	5.8451e-07	5.4733e-10	0.0032995	32.045	76.808	0.0013744	395.14	0.079113	5.9348	0.089412	0.14197	3.2821e-320	5.8151	3.1623e-05	6.9282	0.30066	0.002497	2.8714	6.9811e-321	1.005	1.01e-08	1.2391e-320	251.15	593.79	0.032181
29	337.56	10461	0.00031224	0.00037668	4.7011e-162	2.4163e-163	0.28114	1.5799e-10	16.066	18.3	1.6098	0.045467	5.87e-07	5.5086e-10	0.0032996	31.967	76.807	0.0013744	395.15	0.079161	5.9373	0.089389	0.14198	3.2821e-320	5.8151	3.1623e-05	6.9201	0.30066	0.002497	2.8715	6.9811e-321	1.005	1.0107e-08	1.2396e-320	251.14	593.96	0.032189
29.1	337.55	10461	0.00031226	0.00037671	1.3067e-162	6.6198e-164	0.28114	1.5799e-10	16.013	18.299	1.6097	0.045634	5.8927e-07	5.5425e-10	0.0032996	31.896	76.806	0.0013744	395.15	0.079205	5.9395	0.089368	0.142	3.2821e-320	5.8151	3.1623e-05	6.9128	0.30066	0.0024971	2.8715	6.9811e-321	1.005	1.0114e-08	1.2406e-320	251.13	594.11	0.032197
29.2	337.54	10461	0.00031227	0.00037673	3.632e-163	1.8135e-164	0.28114	1.5799e-10	15.965	18.298	1.6097	0.045802	5.9131e-07	5.5751e-10	0.0032996	31.833	76.805	0.0013745	395.16	0.079244	5.9415	0.089349	0.14201	3.2821e-320	5.8151	3.1623e-05	6.9062	0.30066	0.0024971	2.8715	6.9811e-321	1.005	1.012e-08	1.2416e-320	251.12	594.25	0.032203
29.3	337.53	10460	0.00031228	0.00037674	1.0095e-163	4.9684e-165	0.28114	1.5798e-10	15.923	18.297	1.6096	0.045969	5.9312e-07	5.6062e-10	0.0032996	31.777	76.805	0.0013745	395.17	0.079279	5.9433	0.089332	0.14202	3.2821e-320	5.8151	3.1623e-05	6.9004	0.30066	0.0024971	2.8715	6.9811e-321	1.005	1.0125e-08	1.2421e-320	251.11	594.37	0.032209
29.4	337.52	10460	0.00031229	0.00037676	2.8061e-164	1.3611e-165	0.28114	1.5798e-10	15.887	18.296	1.6096	0.046137	5.9471e-07	5.6359e-10	0.0032996	31.729	76.804	0.0013745	395.17	0.079309	5.9448	0.089317	0.14203	3.2821e-320	5.8151	3.1623e-05	6.8954	0.30066	0.0024971	2.8715	6.9811e-321	1.0049	1.013e-08	1.2421e-320	251.11	594.47	0.032214
29.5	337.52	10460	0.00031229	0.00037677	7.7996e-165	3.729e-166	0.28114	1.5798e-10	15.856	18.295	1.6095	0.046304	5.9605e-07	5.6641e-10	0.0032996	31.688	76.803	0.0013745	395.17	0.079334	5.9461	0.089305	0.14204	3.2821e-320	5.8151	3.1623e-05	6.8911	0.30066	0.0024972	2.8715	6.9811e-321	1.0049	1.0134e-08	1.2421e-320	251.1	594.56	0.032218
29.6	337.51	10460	0.0003123	0.00037678	2.168e-165	1.0216e-166	0.28113	1.5798e-10	15.831	18.294	1.6095	0.046472	5.9716e-07	5.6908e-10	0.0032996	31.654	76.803	0.0013745	395.18	0.079355	5.9472	0.089295	0.14205	3.2821e-320	5.8151	3.1623e-05	6.8876	0.30067	0.0024972	2.8715	6.9811e-321	1.0049	1.0137e-08	1.2421e-320	251.1	594.63	0.032221
29.7	337.51	10460	0.00031231	0.00037679	6.0287e-166	2.7999e-167	0.28113	1.5798e-10	15.811	18.293	1.6095	0.04664	5.9803e-07	5.7158e-10	0.0032996	31.628	76.802	0.0013745	395.18	0.079372	5.948	0.089287	0.14205	3.2821e-320	5.8151	3.1623e-05	6.8849	0.30067	0.0024972	2.8716	6.9811e-321	1.0049	1.014e-08	1.2421e-320	251.09	594.69	0.032224
29.8	337.51	10460	0.00031231	0.0003768	1.6849e-166	7.7105e-168	0.28113	1.5798e-10	15.797	18.293	1.6095	0.046807	5.9865e-07	5.7386e-10	0.0032996	31.609	76.802	0.0013745	395.18	0.079383	5.9486	0.089281	0.14206	3.2821e-320	5.8151	3.1623e-05	6.883	0.30067	0.0024972	2.8716	6.9811e-321	1.0049	1.0141e-08	1.2421e-320	251.09	594.73	0.032226
29.9	337.51	10460	0.00031231	0.0003768	5.0152e-167	2.2582e-168	0.28113	1.5798e-10	15.789	18.293	1.6095	0.046975	5.9903e-07	5.757e-10	0.0032996	31.598	76.802	0.0013745	395.18	0.07939	5.9489	0.089278	0.14206	3.2821e-320	5.8151	3.1623e-05	6.8818	0.30067	0.0024972	2.8716	6.9811e-321	1.0049	1.0142e-08	1.2421e-320	251.09	594.76	0.032227
30	337.51	10459	0.00031231	0.0003768	2.588e-167	1.1509e-168	0.28113	1.5798e-10	15.786	18.293	1.6094	0.047142	5.9915e-07	5.7623e-10	0.0032996	31.594	76.802	0.0013745	395.18	0.079393	5.9491	0.089277	0.14206	3.2885e-320	5.8151	3.1623e-05	6.8814	0.30067	0.0024972	2.8716	6.9811e-321	1.0049	1.0143e-08	1.2421e-320	251.09	594.76	0.032227
