z	 POPzt	 POCzt	 DOPzt	 DOCzt	 O2zt	 NO3zt	 NH4zt	 NH3zt	 FeOH3zt	 FeOOHzt	 Fe2zt	 SO4zt	 H2Szt	 HSzt	 PO4zt	 PO4adsazt	 PO4adsbzt	 S0zt	 S8zt	 FeSzt	 FeS2zt	 AlOH3zt	 Ca2zt	 Ca3PO42zt	 OMSzt	 Hzt	 CaCO3zt	 CO2zt	 CO3zt	 HCO3zt	 H2CO3zt	 Chlzt	 CH4aq	 CH4g	 FeCO3	 Fe3PO42	 PO4adsc
0	356.72	11868	0.00043426	0.000939	0.13362	1.1943	0.010464	0	1987.8	19.432	2.6446e-08	3.9285e-05	0	1.8855e-13	0.00063547	692.02	81.714	0	355.01	8.9973e-08	0.0019787	1.2545	0.00026153	20.819	5.8149	1e-05	167.47	0.15058	0.00058106	0.68237	0	0.58898	0	0	0.20914	0.058816	0.11367
0.1	354.96	11535	0.00042883	0.00091424	0.074279	0.6544	0.041457	1.7771e-11	1945.5	19.431	0.040719	0.00024426	3.7742e-13	1.1348e-13	0.005957	691.92	81.714	0.0004462	355.05	5.3803e-07	0.003464	1.2533	0.00072563	21.737	5.8149	1e-05	164.86	0.13094	0.0029446	1.2244	4.4466e-323	0.57633	8.3266e-14	5.4347e-323	7.4327	2.0911	4.0397
0.2	353.76	11294	0.00042343	0.00088977	0.020646	0.17928	0.069471	3.3505e-11	1906.1	19.427	0.083514	0.00044269	7.1991e-13	7.134e-14	0.01007	691.57	81.714	0.00074875	355.12	3.4241e-06	0.0072811	1.2522	0.0011502	22.672	5.8149	1e-05	162.58	0.11402	0.0044625	1.6469	8.3991e-323	0.56773	3.5315e-13	1.1364e-322	14.78	4.2642	8.0299
0.3	352.95	11121	0.00041806	0.00086552	0.0057387	0.049115	0.087525	4.5233e-11	1869.9	19.422	0.12674	0.00063398	9.9727e-13	9.6044e-14	0.01275	690.91	81.713	0.00093554	355.23	1.2019e-05	0.012962	1.2512	0.0015279	23.611	5.8149	1e-05	160.61	0.099013	0.0052945	1.9296	1.2352e-322	0.56131	1.1983e-12	1.6798e-322	22.149	6.6556	12.027
0.4	352.51	11011	0.00041273	0.0008415	0.0015951	0.013456	0.099884	5.3312e-11	1837	19.416	0.16796	0.00082118	1.2388e-12	1.3985e-13	0.01383	689.86	81.712	0.0010509	355.35	2.6344e-05	0.019695	1.2503	0.0018654	24.554	5.8149	1e-05	158.91	0.088841	0.0057988	2.1112	1.6798e-322	0.55701	2.6405e-12	2.2727e-322	29.544	9.3487	16.03
0.5	352.34	10951	0.00040745	0.00081767	0.00044337	0.0036863	0.10802	5.8885e-11	1807.1	19.41	0.20597	0.0010067	1.4437e-12	1.9402e-13	0.013467	688.41	81.711	0.0011223	355.48	4.4439e-05	0.027018	1.2496	0.002172	25.499	5.8149	1e-05	157.45	0.081843	0.0060997	2.2154	2.1245e-322	0.55425	4.8017e-12	2.915e-322	36.968	12.356	20.039
0.6	352.36	10925	0.00040223	0.00079404	0.00012324	0.0010099	0.11351	6.2806e-11	1779.8	19.404	0.24077	0.0011917	1.6071e-12	2.5129e-13	0.012229	686.61	81.709	0.0011665	355.61	6.4663e-05	0.034716	1.2489	0.0024564	26.446	5.8149	1e-05	156.17	0.078203	0.0062765	2.2733	2.5691e-322	0.55215	7.372e-12	3.4585e-322	44.421	15.608	24.054
0.7	352.49	10923	0.00039708	0.00077062	3.4254e-05	0.00027667	0.11777	6.5731e-11	1754.5	19.398	0.27294	0.0013768	1.7242e-12	3.0488e-13	0.010741	684.51	81.707	0.001194	355.75	8.6156e-05	0.04269	1.2483	0.0027243	27.394	5.8149	1e-05	155.03	0.076969	0.0063898	2.3103	2.9644e-322	0.55014	1.0146e-11	4.0019e-322	51.907	19.011	28.073
0.8	352.7	10934	0.00039201	0.00074745	9.5211e-06	7.5796e-05	0.12159	6.8135e-11	1730.7	19.393	0.30302	0.0015621	1.7932e-12	3.5336e-13	0.0093781	682.17	81.704	0.0012111	355.89	0.00010854	0.050881	1.2478	0.0029781	28.344	5.8149	1e-05	153.97	0.077004	0.006476	2.3398	3.3596e-322	0.54792	1.3014e-11	4.5454e-322	59.426	22.498	32.096
0.9	352.95	10955	0.00038703	0.00072457	2.6464e-06	2.0765e-05	0.12527	7.0303e-11	1708.1	19.387	0.33135	0.0017479	1.8166e-12	3.9847e-13	0.0082621	679.62	81.701	0.0012219	356.04	0.00013164	0.059249	1.2473	0.0032183	29.295	5.8149	1e-05	152.98	0.07758	0.006552	2.3668	3.7549e-322	0.54537	1.5931e-11	5.0889e-322	66.981	26.035	36.122
1	353.21	10980	0.00038215	0.00070206	7.3559e-07	5.6887e-06	0.12887	7.2368e-11	1686.4	19.382	0.35809	0.001934	1.8e-12	4.4172e-13	0.0073782	676.91	81.698	0.0012287	356.18	0.00015535	0.067756	1.2467	0.0034448	30.247	5.8149	1e-05	152.01	0.078353	0.006624	2.3929	4.1502e-322	0.54242	1.8885e-11	5.6323e-322	74.571	29.607	40.152
1.1	353.49	11007	0.00037739	0.00067997	2.0446e-07	1.5585e-06	0.13243	7.4382e-11	1665.3	19.376	0.38332	0.0021207	1.7498e-12	4.8371e-13	0.006676	674.06	81.695	0.0012331	356.32	0.00017963	0.076373	1.2462	0.0036574	31.201	5.8149	1e-05	151.06	0.079188	0.0066942	2.4186	4.5454e-322	0.53908	2.1878e-11	6.1758e-322	82.198	33.206	44.184
1.2	353.77	11033	0.00037275	0.00065836	5.6831e-08	4.2696e-07	0.13596	7.6364e-11	1644.7	19.371	0.40714	0.0023078	1.6726e-12	5.2438e-13	0.0061144	671.1	81.692	0.001236	356.47	0.00020446	0.085077	1.2457	0.0038558	32.157	5.8149	1e-05	150.11	0.080038	0.0067631	2.444	4.9901e-322	0.5354	2.492e-11	6.8181e-322	89.862	36.826	48.218
1.3	354.04	11059	0.00036825	0.0006373	1.5796e-08	1.1697e-07	0.13944	7.8319e-11	1624.5	19.366	0.42961	0.0024955	1.5743e-12	5.6342e-13	0.0056786	668.04	81.688	0.001238	356.61	0.0002298	0.09385	1.2452	0.0040398	33.115	5.8149	1e-05	149.16	0.080882	0.0068308	2.4691	5.3853e-322	0.53143	2.8019e-11	7.411e-322	97.562	40.457	52.253
1.4	354.29	11083	0.00036389	0.00061685	4.3907e-09	3.2045e-08	0.14288	8.0248e-11	1604.5	19.36	0.45081	0.0026837	1.4605e-12	6.0055e-13	0.0053478	664.91	81.684	0.0012394	356.75	0.00025564	0.10268	1.2447	0.0042097	34.075	5.8149	1e-05	148.21	0.081711	0.0068971	2.4938	5.7806e-322	0.52724	3.1184e-11	7.9545e-322	105.3	44.094	56.29
1.5	354.54	11104	0.00035969	0.00059704	1.2204e-09	8.779e-09	0.14626	8.2148e-11	1584.9	19.355	0.47077	0.0028724	1.3361e-12	6.3532e-13	0.005092	661.71	81.681	0.0012405	356.9	0.00028195	0.11155	1.2442	0.0043658	35.037	5.8149	1e-05	147.24	0.082524	0.0069616	2.518	6.1758e-322	0.52293	3.4421e-11	8.4979e-322	113.07	47.735	60.326
1.6	354.78	11124	0.00035565	0.00057794	3.3922e-10	2.4051e-09	0.14959	8.4017e-11	1565.4	19.35	0.48952	0.0030618	1.2055e-12	6.6732e-13	0.0048884	658.45	81.677	0.0012413	357.04	0.00030873	0.12045	1.2437	0.0045089	36.001	5.8149	1e-05	146.27	0.083311	0.0070241	2.5415	6.5711e-322	0.51858	3.7736e-11	9.0908e-322	120.88	51.378	64.362
1.7	355	11141	0.00035177	0.00055957	9.4287e-11	6.5889e-10	0.15286	8.5853e-11	1546	19.345	0.5071	0.0032517	1.0726e-12	6.9586e-13	0.0047218	655.14	81.673	0.001242	357.18	0.00033597	0.12939	1.2431	0.0046397	36.967	5.8149	1e-05	145.29	0.084073	0.0070845	2.5644	6.9663e-322	0.51425	4.1135e-11	9.6343e-322	128.72	55.021	68.397
1.8	355.21	11155	0.00034807	0.00054197	2.6208e-11	1.8051e-10	0.15606	8.7656e-11	1526.8	19.34	0.52353	0.0034423	9.4089e-13	7.202e-13	0.0045822	651.78	81.669	0.0012426	357.32	0.0003637	0.13836	1.2425	0.004759	37.935	5.8149	1e-05	144.3	0.084812	0.0071425	2.5865	7.3616e-322	0.51001	4.4624e-11	1.0178e-321	136.59	58.663	72.431
1.9	355.41	11168	0.00034454	0.00052517	7.2845e-12	4.9452e-11	0.15921	8.9425e-11	1507.6	19.335	0.53886	0.0036335	8.1344e-13	7.3957e-13	0.0044627	648.39	81.664	0.0012432	357.46	0.00039191	0.14736	1.242	0.0048677	38.906	5.8149	1e-05	143.31	0.085525	0.0071973	2.6078	7.7568e-322	0.50591	4.8209e-11	1.0771e-321	144.49	62.301	76.463
2	355.59	11179	0.00034118	0.00050917	2.0248e-12	1.3548e-11	0.1623	9.1162e-11	1488.6	19.33	0.55312	0.0038253	6.9315e-13	7.5321e-13	0.0043589	644.95	81.66	0.0012438	357.6	0.00042063	0.15639	1.2414	0.0049667	39.878	5.8149	1e-05	142.31	0.086215	0.0072471	2.6285	8.1521e-322	0.50202	5.1895e-11	1.1314e-321	152.42	65.935	80.493
2.1	355.77	11188	0.00033799	0.000494	5.6279e-13	3.7116e-12	0.16533	9.2867e-11	1469.6	19.325	0.56636	0.0040178	5.8265e-13	7.6038e-13	0.0042676	641.49	81.656	0.0012443	357.75	0.00044986	0.16544	1.2407	0.0050566	40.853	5.8149	1e-05	141.3	0.086881	0.0072909	2.6484	8.5967e-322	0.49836	5.5688e-11	1.1907e-321	160.36	69.563	84.52
2.2	355.94	11194	0.00033499	0.00047965	1.5643e-13	1.0168e-12	0.16831	9.454e-11	1450.8	19.321	0.57862	0.0042109	4.841e-13	7.608e-13	0.0041865	637.99	81.652	0.0012448	357.89	0.00047963	0.17452	1.2401	0.0051383	41.83	5.8149	1e-05	140.29	0.087522	0.007331	2.6676	8.992e-322	0.49496	5.9593e-11	1.2401e-321	168.32	73.183	88.543
2.3	356.09	11199	0.00033215	0.00046612	4.3481e-14	2.7857e-13	0.17123	9.6182e-11	1432	19.316	0.58998	0.0044048	3.978e-13	7.5597e-13	0.0041142	634.47	81.647	0.0012453	358.03	0.00050996	0.18363	1.2395	0.0052122	42.809	5.8149	1e-05	139.28	0.088139	0.0073696	2.686	9.4367e-322	0.49186	6.3617e-11	1.2945e-321	176.28	76.795	92.562
2.4	356.24	11203	0.00032948	0.00045341	1.2086e-14	7.6316e-14	0.17409	9.7793e-11	1413.2	19.311	0.60047	0.0045993	3.1631e-13	7.5513e-13	0.0040493	630.93	81.643	0.0012458	358.17	0.00054085	0.19277	1.2388	0.0052791	43.789	5.8149	1e-05	138.26	0.088733	0.0074067	2.7038	9.8319e-322	0.48906	6.7765e-11	1.3488e-321	184.22	80.397	96.576
2.5	356.38	11205	0.00032698	0.00044149	3.3593e-15	2.0907e-14	0.17691	9.9373e-11	1394.6	19.306	0.61017	0.0047946	2.3996e-13	7.6021e-13	0.003991	627.36	81.638	0.0012463	358.3	0.00057232	0.20193	1.2381	0.0053395	44.772	5.8149	1e-05	137.25	0.089303	0.0074426	2.7208	1.0178e-321	0.48658	7.2041e-11	1.3982e-321	192.15	83.988	100.58
2.6	356.51	11206	0.00032465	0.00043036	9.3373e-16	5.7278e-15	0.17966	1.0092e-10	1376	19.301	0.6191	0.0049905	1.6522e-13	7.7738e-13	0.0039384	623.78	81.634	0.0012468	358.44	0.00060439	0.21113	1.2374	0.0053938	45.757	5.8149	1e-05	136.23	0.08985	0.0074773	2.7371	1.0622e-321	0.48442	7.6453e-11	1.4575e-321	200.04	87.566	104.59
2.7	356.63	11205	0.00032247	0.00042	2.5953e-16	1.5692e-15	0.18237	1.0245e-10	1357.6	19.297	0.62733	0.0051872	9.9597e-14	8.0237e-13	0.0038911	620.17	81.629	0.0012472	358.58	0.00063707	0.22036	1.2367	0.0054426	46.744	5.8149	1e-05	135.21	0.090374	0.0075106	2.7527	1.1067e-321	0.48257	8.1004e-11	1.5118e-321	207.9	91.132	108.59
2.8	356.75	11203	0.00032044	0.00041037	7.2139e-17	4.2989e-16	0.18502	1.0394e-10	1339.2	19.292	0.6349	0.0053846	4.9741e-14	8.3208e-13	0.0038484	616.55	81.625	0.0012477	358.72	0.00067038	0.22961	1.236	0.0054861	47.733	5.8149	1e-05	134.19	0.090876	0.0075426	2.7677	1.1512e-321	0.48105	8.57e-11	1.5761e-321	215.72	94.684	112.58
2.9	356.85	11200	0.00031856	0.00040146	2.0051e-17	1.1777e-16	0.18763	1.054e-10	1321	19.287	0.64185	0.0055827	1.9274e-14	8.6672e-13	0.0038099	612.92	81.62	0.0012482	358.86	0.00070433	0.2389	1.2352	0.0055249	48.724	5.8149	1e-05	133.17	0.091355	0.0075734	2.7819	1.1907e-321	0.47982	9.0548e-11	1.6354e-321	223.49	98.222	116.56
3	356.96	11196	0.00031682	0.00039323	5.5733e-18	3.2265e-17	0.19018	1.0684e-10	1302.8	19.283	0.64821	0.0057816	4.6621e-15	9.0378e-13	0.0037752	609.28	81.615	0.0012487	359	0.00073894	0.24822	1.2345	0.0055593	49.716	5.8149	1e-05	132.16	0.091812	0.0076029	2.7955	1.2253e-321	0.47889	9.5551e-11	1.6897e-321	231.21	101.74	120.53
3.1	357.05	11190	0.00031521	0.00038565	1.5491e-18	8.8392e-18	0.19268	1.0824e-10	1284.9	19.278	0.65403	0.0059812	1.1144e-15	9.4401e-13	0.003744	605.62	81.61	0.0012492	359.13	0.0007742	0.25757	1.2337	0.0055895	50.711	5.8149	1e-05	131.14	0.092248	0.0076311	2.8084	1.2648e-321	0.47824	1.0072e-10	1.7441e-321	238.86	105.25	124.5
3.2	357.14	11184	0.00031373	0.00037869	4.3059e-19	2.4216e-18	0.19514	1.0962e-10	1267	19.273	0.65933	0.0061816	2.6912e-16	9.8602e-13	0.003716	601.95	81.606	0.0012496	359.27	0.00081015	0.26695	1.2329	0.0056158	51.708	5.8149	1e-05	130.13	0.092662	0.007658	2.8207	1.3043e-321	0.47785	1.0605e-10	1.8033e-321	246.45	108.74	128.46
3.3	357.23	11177	0.00031237	0.00037232	1.1968e-19	6.6342e-19	0.19754	1.1098e-10	1249.3	19.269	0.66416	0.0063827	7.6394e-17	1.0294e-12	0.0036909	598.27	81.601	0.0012501	359.41	0.00084678	0.27637	1.2321	0.0056386	52.707	5.8149	1e-05	129.12	0.093055	0.0076837	2.8324	1.3439e-321	0.4777	1.1155e-10	1.8626e-321	253.98	112.21	132.41
3.4	357.31	11170	0.00031112	0.0003665	3.3267e-20	1.8175e-19	0.1999	1.123e-10	1231.7	19.264	0.66855	0.0065846	6.8911e-17	1.074e-12	0.0036684	594.59	81.596	0.0012506	359.54	0.0008841	0.28582	1.2313	0.0056581	53.707	5.8149	1e-05	128.11	0.093427	0.0077082	2.8434	1.3834e-321	0.47779	1.1723e-10	1.9269e-321	261.43	115.66	136.35
3.5	357.38	11161	0.00030998	0.0003612	9.2467e-21	4.9792e-20	0.20221	1.136e-10	1214.3	19.259	0.67252	0.0067872	2.2853e-16	1.12e-12	0.0036484	590.9	81.591	0.0012511	359.68	0.00092213	0.2953	1.2305	0.0056745	54.71	5.8149	1e-05	127.11	0.093779	0.0077314	2.8538	1.418e-321	0.47808	1.2309e-10	1.9861e-321	268.8	119.1	140.28
3.6	357.45	11152	0.00030893	0.00035639	2.5702e-21	1.3641e-20	0.20448	1.1488e-10	1197	19.255	0.67609	0.0069907	9.4235e-16	1.1674e-12	0.0036306	587.2	81.586	0.0012515	359.82	0.00096088	0.30481	1.2296	0.005688	55.714	5.8149	1e-05	126.11	0.094112	0.0077533	2.8637	1.4526e-321	0.47856	1.2914e-10	2.0454e-321	276.09	122.51	144.2
3.7	357.52	11142	0.00030798	0.00035203	7.1439e-22	3.737e-21	0.2067	1.1613e-10	1180	19.25	0.67931	0.0071948	3.9413e-15	1.2171e-12	0.0036149	583.5	81.581	0.001252	359.95	0.0010004	0.31435	1.2288	0.0056988	56.721	5.8149	1e-05	125.12	0.094425	0.0077741	2.8729	1.497e-321	0.47922	1.3539e-10	2.1047e-321	283.3	125.91	148.1
3.8	357.58	11132	0.00030712	0.00034809	1.9857e-22	1.0238e-21	0.20888	1.1735e-10	1163.1	19.245	0.68219	0.0073998	1.6498e-14	1.2719e-12	0.003601	579.8	81.576	0.0012525	360.08	0.0010406	0.32393	1.2279	0.0057072	57.729	5.8149	1e-05	124.13	0.094719	0.0077937	2.8816	1.5365e-321	0.48003	1.4183e-10	2.164e-321	290.42	129.28	152
3.9	357.63	11121	0.00030633	0.00034454	5.5193e-23	2.8048e-22	0.21101	1.1855e-10	1146.3	19.24	0.68475	0.0076055	5.5749e-14	1.3292e-12	0.0035889	576.09	81.571	0.0012529	360.22	0.0010815	0.33354	1.227	0.0057133	58.739	5.8149	1e-05	123.14	0.094995	0.0078122	2.8897	1.5761e-321	0.48098	1.4847e-10	2.2282e-321	297.45	132.64	155.88
4	357.69	11109	0.00030562	0.00034135	1.5341e-23	7.684e-23	0.2131	1.1972e-10	1129.8	19.236	0.68702	0.007812	1.2936e-13	1.3941e-12	0.0035783	572.38	81.566	0.0012534	360.35	0.0011232	0.34318	1.2262	0.0057172	59.751	5.8149	1e-05	122.16	0.095253	0.0078295	2.8973	1.6107e-321	0.48205	1.5532e-10	2.2875e-321	304.39	135.97	159.75
4.1	357.74	11098	0.00030498	0.00033849	4.2641e-24	2.1051e-23	0.21514	1.2087e-10	1113.4	19.231	0.68901	0.0080193	2.4666e-13	1.4664e-12	0.0035693	568.67	81.561	0.0012539	360.49	0.0011656	0.35286	1.2253	0.0057191	60.764	5.8149	1e-05	121.19	0.095494	0.0078457	2.9043	1.6452e-321	0.48322	1.6239e-10	2.3419e-321	311.24	139.29	163.61
4.2	357.79	11085	0.0003044	0.00033593	1.1852e-24	5.7671e-24	0.21715	1.22e-10	1097.3	19.226	0.69074	0.0082273	4.0168e-13	1.5529e-12	0.0035616	564.96	81.555	0.0012543	360.62	0.0012088	0.36257	1.2244	0.0057192	61.779	5.8149	1e-05	120.22	0.095718	0.0078608	2.9109	1.6848e-321	0.48448	1.6967e-10	2.4012e-321	318	142.58	167.45
4.3	357.83	11073	0.00030387	0.00033366	3.2944e-25	1.5799e-24	0.21911	1.231e-10	1081.3	19.222	0.69224	0.0084361	5.8842e-13	1.6606e-12	0.0035551	561.25	81.55	0.0012548	360.75	0.0012527	0.37231	1.2234	0.0057175	62.796	5.8149	1e-05	119.26	0.095925	0.0078748	2.9169	1.7243e-321	0.48583	1.7718e-10	2.4506e-321	324.65	145.85	171.28
4.4	357.87	11060	0.0003034	0.00033163	9.157e-26	4.3284e-25	0.22103	1.2418e-10	1065.5	19.217	0.69352	0.0086457	7.9954e-13	1.7985e-12	0.0035498	557.53	81.545	0.0012552	360.89	0.0012975	0.38208	1.2225	0.0057143	63.815	5.8149	1e-05	118.3	0.096117	0.0078879	2.9225	1.7589e-321	0.48724	1.8491e-10	2.5099e-321	331.22	149.1	175.09
4.5	357.91	11046	0.00030298	0.00032984	2.5452e-26	1.1858e-25	0.22291	1.2524e-10	1049.9	19.212	0.69459	0.008856	1.0447e-12	1.9598e-12	0.0035456	553.82	81.54	0.0012557	361.02	0.0013429	0.39188	1.2216	0.0057095	64.835	5.8149	1e-05	117.35	0.096293	0.0078999	2.9276	1.7935e-321	0.4887	1.9288e-10	2.5593e-321	337.68	152.32	178.89
4.6	357.95	11033	0.0003026	0.00032825	7.0746e-27	3.2486e-26	0.22476	1.2628e-10	1034.6	19.207	0.69547	0.0090671	1.3307e-12	2.1408e-12	0.0035423	550.11	81.535	0.0012562	361.15	0.0013892	0.40172	1.2206	0.0057034	65.856	5.8149	1e-05	116.4	0.096455	0.0079109	2.9323	1.833e-321	0.49021	2.0108e-10	2.6136e-321	344.04	155.53	182.68
4.7	357.98	11019	0.00030226	0.00032686	1.9664e-27	8.8999e-27	0.22656	1.2729e-10	1019.4	19.203	0.69618	0.009279	1.6778e-12	2.3258e-12	0.00354	546.41	81.529	0.0012566	361.28	0.0014362	0.41158	1.2197	0.0056961	66.879	5.8149	1e-05	115.46	0.096602	0.007921	2.9365	1.8626e-321	0.49175	2.0953e-10	2.668e-321	350.3	158.71	186.45
4.8	358.01	11005	0.00030195	0.00032563	5.4658e-28	2.4382e-27	0.22832	1.2828e-10	1004.4	19.198	0.69671	0.0094917	2.0942e-12	2.5111e-12	0.0035385	542.7	81.524	0.0012571	361.41	0.001484	0.42148	1.2187	0.0056876	67.904	5.8149	1e-05	114.53	0.096736	0.0079302	2.9403	1.9071e-321	0.49332	2.1822e-10	2.7272e-321	356.47	161.86	190.2
4.9	358.04	10991	0.00030168	0.00032456	1.5192e-28	6.6797e-28	0.23005	1.2925e-10	989.63	19.193	0.6971	0.0097051	2.5857e-12	2.6958e-12	0.0035377	539	81.519	0.0012575	361.54	0.0015326	0.43141	1.2177	0.0056779	68.929	5.8149	1e-05	113.61	0.096856	0.0079385	2.9437	1.9466e-321	0.49491	2.2717e-10	2.7816e-321	362.53	165	193.93
5	358.07	10977	0.00030144	0.00032363	4.2228e-29	1.83e-28	0.23174	1.302e-10	975.07	19.188	0.69734	0.0099193	3.158e-12	2.88e-12	0.0035377	535.3	81.513	0.001258	361.67	0.001582	0.44137	1.2167	0.0056673	69.956	5.8149	1e-05	112.69	0.096964	0.007946	2.9468	1.9861e-321	0.49651	2.3637e-10	2.831e-321	368.5	168.11	197.65
5.1	358.1	10962	0.00030122	0.00032282	1.1737e-29	5.0133e-29	0.23339	1.3113e-10	960.71	19.184	0.69745	0.010134	3.8168e-12	3.0638e-12	0.0035383	531.6	81.508	0.0012584	361.8	0.0016322	0.45135	1.2157	0.0056558	70.984	5.8149	1e-05	111.77	0.097059	0.0079527	2.9495	2.0207e-321	0.49813	2.4584e-10	2.8853e-321	374.36	171.2	201.35
5.2	358.12	10948	0.00030103	0.00032212	3.2625e-30	1.3734e-29	0.23501	1.3204e-10	946.55	19.179	0.69744	0.01035	4.5681e-12	3.2473e-12	0.0035396	527.91	81.503	0.0012589	361.93	0.0016831	0.46137	1.2147	0.0056434	72.014	5.8149	1e-05	110.87	0.097143	0.0079585	2.9518	2.0553e-321	0.49974	2.5557e-10	2.9397e-321	380.12	174.26	205.03
5.3	358.15	10933	0.00030086	0.00032153	9.0682e-31	3.7627e-30	0.23659	1.3293e-10	932.6	19.174	0.69732	0.010566	5.4186e-12	3.4307e-12	0.0035414	524.23	81.497	0.0012593	362.06	0.0017348	0.47142	1.2137	0.0056303	73.044	5.8149	1e-05	109.97	0.097216	0.0079636	2.9538	2.0948e-321	0.50136	2.6557e-10	2.994e-321	385.79	177.3	208.7
5.4	358.17	10919	0.00030071	0.00032103	2.5205e-31	1.0308e-30	0.23814	1.338e-10	918.85	19.169	0.69709	0.010784	6.3751e-12	3.6142e-12	0.0035437	520.55	81.492	0.0012598	362.19	0.0017874	0.48149	1.2127	0.0056164	74.075	5.8149	1e-05	109.08	0.097278	0.007968	2.9555	2.1344e-321	0.50298	2.7585e-10	3.0533e-321	391.35	180.32	212.34
5.5	358.19	10904	0.00030058	0.0003206	7.006e-32	2.824e-31	0.23965	1.3465e-10	905.3	19.164	0.69677	0.011002	7.445e-12	3.7981e-12	0.0035465	516.87	81.486	0.0012602	362.32	0.0018407	0.49159	1.2116	0.0056019	75.107	5.8149	1e-05	108.19	0.097329	0.0079717	2.9568	2.164e-321	0.50459	2.864e-10	3.1077e-321	396.82	183.32	215.97
5.6	358.21	10890	0.00030046	0.00032025	1.9473e-32	7.7367e-32	0.24113	1.3549e-10	891.96	19.159	0.69635	0.01122	8.6362e-12	3.9825e-12	0.0035498	513.2	81.481	0.0012607	362.45	0.0018948	0.50172	1.2106	0.0055868	76.14	5.8149	1e-05	107.32	0.097372	0.0079747	2.9579	2.2035e-321	0.50619	2.9724e-10	3.1719e-321	402.19	186.29	219.58
5.7	358.23	10875	0.00030036	0.00031996	5.4127e-33	2.1195e-32	0.24258	1.363e-10	878.82	19.155	0.69586	0.01144	9.957e-12	4.1678e-12	0.0035534	509.54	81.475	0.0012611	362.57	0.0019496	0.51188	1.2095	0.0055711	77.174	5.8149	1e-05	106.45	0.097405	0.0079771	2.9587	2.2381e-321	0.50778	3.0837e-10	3.2262e-321	407.46	189.23	223.16
5.8	358.25	10861	0.00030027	0.00031974	1.5045e-33	5.8067e-33	0.244	1.3709e-10	865.87	19.15	0.69529	0.01166	1.1416e-11	4.354e-12	0.0035574	505.88	81.47	0.0012616	362.7	0.0020053	0.52206	1.2085	0.005555	78.208	5.8149	1e-05	105.58	0.097429	0.0079789	2.9592	2.2776e-321	0.50937	3.1979e-10	3.2806e-321	412.63	192.16	226.73
5.9	358.27	10846	0.00030019	0.00031956	4.1818e-34	1.5908e-33	0.24538	1.3787e-10	853.12	19.145	0.69465	0.011881	1.3023e-11	4.5415e-12	0.0035618	502.23	81.464	0.001262	362.83	0.0020617	0.53227	1.2074	0.0055384	79.243	5.8149	1e-05	104.73	0.097445	0.0079801	2.9595	2.3122e-321	0.51094	3.3151e-10	3.3349e-321	417.71	195.05	230.27
6	358.29	10832	0.00030013	0.00031943	1.1624e-34	4.3581e-34	0.24673	1.3863e-10	840.57	19.14	0.69394	0.012102	1.4788e-11	4.7304e-12	0.0035665	498.59	81.459	0.0012624	362.95	0.002119	0.54251	1.2063	0.0055214	80.278	5.8149	1e-05	103.88	0.097453	0.0079808	2.9596	2.3419e-321	0.51249	3.4353e-10	3.3893e-321	422.7	197.93	233.8
6.1	358.31	10817	0.00030007	0.00031934	3.2308e-35	1.1939e-34	0.24805	1.3938e-10	828.21	19.135	0.69318	0.012325	1.6722e-11	4.921e-12	0.0035714	494.95	81.453	0.0012629	363.08	0.002177	0.55277	1.2052	0.005504	81.313	5.8149	1e-05	103.04	0.097453	0.007981	2.9594	2.3765e-321	0.51404	3.5585e-10	3.4338e-321	427.59	200.78	237.3
6.2	358.32	10803	0.00030002	0.00031929	8.9802e-36	3.2709e-35	0.24934	1.401e-10	816.05	19.13	0.69236	0.012548	1.8835e-11	5.1133e-12	0.0035766	491.33	81.447	0.0012633	363.21	0.0022358	0.56305	1.2041	0.0054863	82.349	5.8149	1e-05	102.2	0.097447	0.0079806	2.959	2.4061e-321	0.51557	3.6848e-10	3.4832e-321	432.38	203.61	240.79
6.3	358.34	10789	0.00029999	0.00031928	2.4961e-36	8.961e-36	0.25061	1.4081e-10	804.07	19.125	0.69149	0.012772	2.1138e-11	5.3076e-12	0.0035821	487.71	81.442	0.0012638	363.33	0.0022953	0.57336	1.203	0.0054683	83.384	5.8149	1e-05	101.37	0.097434	0.0079798	2.9585	2.4407e-321	0.51709	3.8142e-10	3.5326e-321	437.09	206.41	244.25
6.4	358.36	10775	0.00029995	0.00031929	6.938e-37	2.4549e-36	0.25184	1.415e-10	792.28	19.12	0.69058	0.012996	2.3646e-11	5.5041e-12	0.0035877	484.1	81.436	0.0012642	363.46	0.0023557	0.58369	1.2019	0.00545	84.42	5.8149	1e-05	100.55	0.097414	0.0079786	2.9577	2.4802e-321	0.51859	3.9467e-10	3.5869e-321	441.71	209.19	247.69
6.5	358.37	10761	0.00029993	0.00031933	1.9285e-37	6.7255e-37	0.25304	1.4218e-10	780.68	19.115	0.68962	0.013221	2.637e-11	5.703e-12	0.0035936	480.49	81.431	0.0012646	363.58	0.0024168	0.59405	1.2008	0.0054316	85.456	5.8149	1e-05	99.74	0.097389	0.007977	2.9567	2.5148e-321	0.52008	4.0825e-10	3.6462e-321	446.23	211.95	251.1
6.6	358.39	10747	0.00029991	0.0003194	5.3602e-38	1.8425e-37	0.25422	1.4284e-10	769.26	19.11	0.68863	0.013447	2.9325e-11	5.9042e-12	0.0035996	476.9	81.425	0.0012651	363.7	0.0024786	0.60443	1.1996	0.0054129	86.491	5.8149	1e-05	98.934	0.097358	0.0079749	2.9556	2.5494e-321	0.52156	4.2215e-10	3.7055e-321	450.67	214.68	254.49
6.7	358.4	10733	0.0002999	0.0003195	1.4899e-38	5.0477e-38	0.25537	1.4349e-10	758.01	19.105	0.6876	0.013674	3.2526e-11	6.1081e-12	0.0036058	473.32	81.419	0.0012655	363.83	0.0025413	0.61483	1.1985	0.005394	87.526	5.8149	1e-05	98.135	0.097322	0.0079725	2.9544	2.584e-321	0.52303	4.3637e-10	3.7598e-321	455.02	217.39	257.86
6.8	358.42	10719	0.0002999	0.00031961	4.1413e-39	1.3829e-38	0.25649	1.4412e-10	746.95	19.1	0.68655	0.013901	3.5986e-11	6.3148e-12	0.0036122	469.74	81.414	0.0012659	363.95	0.0026047	0.62525	1.1973	0.005375	88.56	5.8149	1e-05	97.343	0.097281	0.0079698	2.9529	2.6136e-321	0.52448	4.5093e-10	3.8241e-321	459.29	220.07	261.21
6.9	358.43	10706	0.0002999	0.00031974	1.1511e-39	3.7885e-39	0.25759	1.4474e-10	736.06	19.095	0.68546	0.014129	3.9723e-11	6.5244e-12	0.0036186	466.18	81.408	0.0012663	364.07	0.0026688	0.63569	1.1962	0.0053559	89.594	5.8149	1e-05	96.558	0.097235	0.0079667	2.9514	2.6482e-321	0.52592	4.6581e-10	3.8784e-321	463.47	222.73	264.53
7	358.45	10692	0.0002999	0.0003199	3.1995e-40	1.0379e-39	0.25866	1.4534e-10	725.34	19.09	0.68435	0.014358	4.3754e-11	6.737e-12	0.0036252	462.62	81.402	0.0012668	364.2	0.0027337	0.64616	1.195	0.0053366	90.628	5.8149	1e-05	95.78	0.097185	0.0079633	2.9497	2.6828e-321	0.52736	4.8104e-10	3.9377e-321	467.56	225.37	267.83
7.1	358.46	10679	0.00029991	0.00032006	8.8931e-41	2.8434e-40	0.25971	1.4593e-10	714.79	19.085	0.68322	0.014587	4.8096e-11	6.9527e-12	0.0036319	459.07	81.397	0.0012672	364.32	0.0027994	0.65664	1.1938	0.0053173	91.66	5.8149	1e-05	95.008	0.097131	0.0079596	2.9479	2.7223e-321	0.52878	4.966e-10	3.9921e-321	471.58	227.99	271.11
7.2	358.48	10666	0.00029993	0.00032025	2.4719e-41	7.7898e-41	0.26073	1.465e-10	704.41	19.08	0.68207	0.014817	5.2768e-11	7.1717e-12	0.0036386	455.54	81.391	0.0012676	364.44	0.0028658	0.66714	1.1926	0.0052979	92.691	5.8149	1e-05	94.244	0.097073	0.0079557	2.946	2.7569e-321	0.53019	5.125e-10	4.0464e-321	475.51	230.58	274.36
7.3	358.49	10653	0.00029995	0.00032045	6.8707e-42	2.1341e-41	0.26173	1.4706e-10	694.19	19.075	0.6809	0.015048	5.7791e-11	7.3941e-12	0.0036454	452.02	81.385	0.001268	364.56	0.0029329	0.67766	1.1915	0.0052784	93.722	5.8149	1e-05	93.486	0.097012	0.0079515	2.944	2.7865e-321	0.53159	5.2875e-10	4.0958e-321	479.36	233.15	277.59
7.4	358.51	10640	0.00029997	0.00032066	1.9098e-42	5.8465e-42	0.2627	1.4761e-10	684.13	19.07	0.67972	0.015279	6.3183e-11	7.62e-12	0.0036523	448.5	81.38	0.0012684	364.68	0.0030007	0.6882	1.1902	0.005259	94.751	5.8149	1e-05	92.735	0.096948	0.0079471	2.9419	2.8211e-321	0.53298	5.4534e-10	4.1551e-321	483.13	235.69	280.79
7.5	358.52	10627	0.0003	0.00032089	5.3082e-43	1.6017e-42	0.26365	1.4815e-10	674.24	19.065	0.67852	0.015511	6.8969e-11	7.8496e-12	0.0036592	445	81.374	0.0012689	364.8	0.0030693	0.69876	1.189	0.0052395	95.779	5.8149	1e-05	91.99	0.09688	0.0079425	2.9397	2.8508e-321	0.53436	5.6229e-10	4.2045e-321	486.83	238.21	283.96
7.6	358.54	10615	0.00030003	0.00032112	1.4755e-43	4.388e-43	0.26458	1.4867e-10	664.49	19.059	0.67731	0.015744	7.5169e-11	8.0828e-12	0.0036662	441.51	81.368	0.0012693	364.92	0.0031386	0.70933	1.1878	0.00522	96.805	5.8149	1e-05	91.252	0.09681	0.0079376	2.9374	2.8903e-321	0.53574	5.7959e-10	4.2588e-321	490.45	240.71	287.11
7.7	358.55	10602	0.00030006	0.00032137	4.1011e-44	1.2021e-43	0.26548	1.4918e-10	654.9	19.054	0.67609	0.015977	8.1808e-11	8.3199e-12	0.0036732	438.03	81.363	0.0012697	365.04	0.0032086	0.71992	1.1866	0.0052005	97.83	5.8149	1e-05	90.52	0.096737	0.0079326	2.9351	2.9249e-321	0.53711	5.9724e-10	4.3132e-321	493.99	243.19	290.24
7.8	358.56	10590	0.0003001	0.00032163	1.1399e-44	3.2934e-44	0.26637	1.4967e-10	645.46	19.049	0.67486	0.016211	8.8912e-11	8.5609e-12	0.0036802	434.57	81.357	0.0012701	365.16	0.0032793	0.73053	1.1854	0.005181	98.853	5.8149	1e-05	89.795	0.096662	0.0079274	2.9327	2.9595e-321	0.53847	6.1524e-10	4.3725e-321	497.46	245.64	293.34
7.9	358.58	10578	0.00030014	0.00032191	3.1685e-45	9.0225e-45	0.26723	1.5016e-10	636.17	19.044	0.67363	0.016445	9.6506e-11	8.806e-12	0.0036872	431.11	81.351	0.0012705	365.28	0.0033508	0.74115	1.1841	0.0051616	99.874	5.8149	1e-05	89.076	0.096585	0.0079221	2.9302	2.994e-321	0.53983	6.3361e-10	4.4268e-321	500.86	248.07	296.41
8	358.59	10566	0.00030018	0.00032219	8.8069e-46	2.4718e-45	0.26807	1.5063e-10	627.02	19.039	0.67239	0.01668	1.0462e-10	9.0552e-12	0.0036942	427.67	81.345	0.0012709	365.4	0.0034229	0.75178	1.1829	0.0051422	100.89	5.8149	1e-05	88.364	0.096506	0.0079166	2.9276	3.0336e-321	0.54118	6.5234e-10	4.4762e-321	504.19	250.48	299.46
8.1	358.61	10554	0.00030023	0.00032248	2.4479e-46	6.7717e-46	0.26889	1.5109e-10	618.02	19.034	0.67115	0.016916	1.1328e-10	9.3087e-12	0.0037013	424.24	81.34	0.0012714	365.51	0.0034957	0.76243	1.1816	0.0051228	101.91	5.8149	1e-05	87.657	0.096424	0.007911	2.925	3.0681e-321	0.54252	6.7143e-10	4.5306e-321	507.44	252.87	302.48
8.2	358.62	10542	0.00030028	0.00032277	6.8041e-47	1.8552e-46	0.26969	1.5154e-10	609.16	19.028	0.66991	0.017152	1.2251e-10	9.5665e-12	0.0037083	420.82	81.334	0.0012718	365.63	0.0035692	0.77309	1.1803	0.0051036	102.93	5.8149	1e-05	86.957	0.096342	0.0079052	2.9224	3.1027e-321	0.54386	6.9088e-10	4.58e-321	510.63	255.23	305.48
8.3	358.64	10531	0.00030033	0.00032308	1.8912e-47	5.0824e-47	0.27047	1.5198e-10	600.43	19.023	0.66866	0.017389	1.3236e-10	9.8288e-12	0.0037152	417.42	81.328	0.0012722	365.75	0.0036433	0.78377	1.179	0.0050844	103.94	5.8149	1e-05	86.263	0.096257	0.0078993	2.9197	3.1373e-321	0.54519	7.107e-10	4.6393e-321	513.75	257.57	308.45
8.4	358.65	10519	0.00030039	0.0003234	5.2568e-48	1.3924e-47	0.27123	1.5241e-10	591.84	19.018	0.66742	0.017626	1.4284e-10	1.0096e-11	0.0037222	414.03	81.322	0.0012726	365.87	0.0037182	0.79445	1.1778	0.0050652	104.95	5.8149	1e-05	85.575	0.096171	0.0078934	2.9169	3.1719e-321	0.54652	7.3089e-10	4.6887e-321	516.8	259.89	311.39
8.5	358.67	10508	0.00030045	0.00032372	1.4611e-48	3.8145e-48	0.27197	1.5283e-10	583.38	19.013	0.66618	0.017865	1.5401e-10	1.0367e-11	0.0037291	410.65	81.317	0.001273	365.98	0.0037936	0.80515	1.1765	0.0050462	105.96	5.8149	1e-05	84.893	0.096084	0.0078873	2.9142	3.2065e-321	0.54785	7.5144e-10	4.748e-321	519.79	262.19	314.31
8.6	358.68	10497	0.00030051	0.00032405	4.0613e-49	1.045e-48	0.2727	1.5323e-10	575.05	19.007	0.66493	0.018103	1.6588e-10	1.0644e-11	0.003736	407.29	81.311	0.0012734	366.1	0.0038698	0.81586	1.1752	0.0050272	106.96	5.8149	1e-05	84.217	0.095996	0.0078811	2.9114	3.2411e-321	0.54917	7.7237e-10	4.7974e-321	522.71	264.47	317.19
8.7	358.69	10486	0.00030057	0.00032439	1.1289e-49	2.8629e-49	0.27341	1.5363e-10	566.85	19.002	0.66369	0.018342	1.7851e-10	1.0925e-11	0.0037429	403.94	81.305	0.0012738	366.21	0.0039466	0.82658	1.1739	0.0050083	107.96	5.8149	1e-05	83.546	0.095907	0.0078749	2.9085	3.2757e-321	0.5505	7.9367e-10	4.8567e-321	525.57	266.72	320.06
8.8	358.71	10475	0.00030064	0.00032473	3.1377e-50	7.8432e-50	0.27409	1.5402e-10	558.77	18.997	0.66246	0.018582	1.9192e-10	1.1211e-11	0.0037497	400.61	81.299	0.0012742	366.33	0.004024	0.83731	1.1725	0.0049896	108.96	5.8149	1e-05	82.882	0.095817	0.0078686	2.9057	3.3102e-321	0.55181	8.1533e-10	4.9061e-321	528.36	268.96	322.89
8.9	358.72	10464	0.00030071	0.00032508	8.7214e-51	2.1487e-50	0.27477	1.544e-10	550.82	18.992	0.66123	0.018822	2.0617e-10	1.1502e-11	0.0037564	397.28	81.294	0.0012746	366.44	0.004102	0.84805	1.1712	0.0049709	109.96	5.8149	1e-05	82.223	0.095726	0.0078622	2.9028	3.3399e-321	0.55313	8.3737e-10	4.9654e-321	531.1	271.17	325.7
9	358.74	10453	0.00030078	0.00032544	2.4242e-51	5.8866e-51	0.27542	1.5476e-10	542.99	18.986	0.66	0.019063	2.2129e-10	1.1798e-11	0.0037631	393.98	81.288	0.001275	366.56	0.0041807	0.85879	1.1699	0.0049523	110.95	5.8149	1e-05	81.57	0.095635	0.0078558	2.8999	3.3695e-321	0.55444	8.5979e-10	5.0197e-321	533.77	273.36	328.48
9.1	358.75	10443	0.00030085	0.0003258	6.7381e-52	1.6127e-51	0.27606	1.5512e-10	535.28	18.981	0.65878	0.019305	2.3733e-10	1.21e-11	0.0037698	390.69	81.282	0.0012754	366.67	0.00426	0.86955	1.1685	0.0049339	111.94	5.8149	1e-05	80.922	0.095542	0.0078493	2.897	3.4041e-321	0.55575	8.8257e-10	5.0741e-321	536.39	275.53	331.23
9.2	358.77	10432	0.00030092	0.00032617	1.8729e-52	4.4181e-52	0.27668	1.5547e-10	527.68	18.975	0.65756	0.019547	2.5433e-10	1.2407e-11	0.0037764	387.41	81.276	0.0012758	366.78	0.0043399	0.88031	1.1672	0.0049156	112.92	5.8149	1e-05	80.28	0.09545	0.0078428	2.8941	3.4436e-321	0.55706	9.0573e-10	5.1333e-321	538.95	277.68	333.95
9.3	358.78	10422	0.000301	0.00032654	5.2058e-53	1.2104e-52	0.27729	1.5581e-10	520.2	18.97	0.65636	0.019789	2.7236e-10	1.272e-11	0.0037829	384.15	81.271	0.0012762	366.9	0.0044204	0.89108	1.1658	0.0048974	113.9	5.8149	1e-05	79.643	0.095356	0.0078362	2.8911	3.4733e-321	0.55837	9.2926e-10	5.1877e-321	541.45	279.81	336.65
9.4	358.8	10412	0.00030108	0.00032692	1.447e-53	3.316e-53	0.27788	1.5615e-10	512.83	18.965	0.65516	0.020032	2.9144e-10	1.3038e-11	0.0037893	380.9	81.265	0.0012765	367.01	0.0045015	0.90185	1.1645	0.0048793	114.88	5.8149	1e-05	79.012	0.095263	0.0078296	2.8882	3.5079e-321	0.55968	9.5317e-10	5.2371e-321	543.89	281.92	339.32
9.5	358.81	10402	0.00030116	0.00032731	4.0219e-54	9.0844e-54	0.27846	1.5647e-10	505.58	18.959	0.65397	0.020276	3.1165e-10	1.3362e-11	0.0037957	377.67	81.259	0.0012769	367.12	0.0045831	0.91263	1.1631	0.0048613	115.86	5.8149	1e-05	78.386	0.095169	0.007823	2.8852	3.5326e-321	0.56099	9.7745e-10	5.2914e-321	546.28	284.01	341.96
9.6	358.82	10392	0.00030124	0.0003277	1.1179e-54	2.4887e-54	0.27902	1.5679e-10	498.43	18.954	0.65278	0.02052	3.3304e-10	1.3691e-11	0.0038019	374.46	81.254	0.0012773	367.23	0.0046654	0.92341	1.1617	0.0048435	116.83	5.8149	1e-05	77.766	0.095074	0.0078163	2.8822	3.5622e-321	0.56229	1.0021e-09	5.3458e-321	548.62	286.08	344.58
9.7	358.84	10382	0.00030133	0.00032809	3.1073e-55	6.8181e-55	0.27956	1.5709e-10	491.39	18.948	0.65161	0.020764	3.5565e-10	1.4027e-11	0.0038082	371.26	81.248	0.0012777	367.34	0.0047481	0.9342	1.1603	0.0048258	117.79	5.8149	1e-05	77.151	0.09498	0.0078097	2.8792	3.5919e-321	0.5636	1.0271e-09	5.4051e-321	550.9	288.12	347.16
9.8	358.85	10372	0.00030141	0.00032849	8.6368e-56	1.8679e-55	0.2801	1.5739e-10	484.45	18.943	0.65044	0.021009	3.7957e-10	1.4368e-11	0.0038143	368.07	81.242	0.0012781	367.45	0.0048315	0.94499	1.159	0.0048083	118.75	5.8149	1e-05	76.541	0.094886	0.007803	2.8763	3.6264e-321	0.5649	1.0525e-09	5.4693e-321	553.13	290.15	349.72
9.9	358.87	10363	0.0003015	0.00032889	2.4007e-56	5.1173e-56	0.28062	1.5768e-10	477.62	18.938	0.64929	0.021255	4.0484e-10	1.4716e-11	0.0038203	364.91	81.237	0.0012785	367.56	0.0049154	0.95578	1.1576	0.0047908	119.71	5.8149	1e-05	75.936	0.094791	0.0077963	2.8733	3.6561e-321	0.56621	1.0783e-09	5.5237e-321	555.31	292.16	352.25
10	358.88	10353	0.00030159	0.00032929	6.6727e-57	1.4019e-56	0.28112	1.5797e-10	470.89	18.932	0.64814	0.021501	4.3153e-10	1.507e-11	0.0038263	361.76	81.231	0.0012789	367.67	0.0049998	0.96658	1.1561	0.0047735	120.66	5.8149	1e-05	75.336	0.094696	0.0077896	2.8703	3.6956e-321	0.56751	1.1045e-09	5.5731e-321	557.44	294.15	354.76
10.1	358.89	10344	0.00030168	0.0003297	1.8547e-57	3.8407e-57	0.28161	1.5825e-10	464.26	18.927	0.647	0.021748	4.5971e-10	1.543e-11	0.0038321	358.62	81.225	0.0012792	367.78	0.0050847	0.97737	1.1547	0.0047564	121.61	5.8149	1e-05	74.741	0.094602	0.0077829	2.8673	3.7253e-321	0.56882	1.131e-09	5.6225e-321	559.52	296.12	357.23
10.2	358.91	10335	0.00030177	0.00033011	5.1553e-58	1.0522e-57	0.28209	1.5852e-10	457.72	18.921	0.64588	0.021994	4.8946e-10	1.5797e-11	0.0038379	355.51	81.22	0.0012796	367.89	0.0051702	0.98817	1.1533	0.0047393	122.55	5.8149	1e-05	74.152	0.094507	0.0077761	2.8644	3.75e-321	0.57012	1.1579e-09	5.6719e-321	561.55	298.07	359.68
10.3	358.92	10326	0.00030187	0.00033053	1.4329e-58	2.8826e-58	0.28256	1.5878e-10	451.29	18.916	0.64476	0.022242	5.2084e-10	1.6171e-11	0.0038436	352.4	81.214	0.00128	368	0.0052561	0.99897	1.1519	0.0047225	123.49	5.8149	1e-05	73.567	0.094412	0.0077694	2.8614	3.7845e-321	0.57143	1.1851e-09	5.7262e-321	563.54	300	362.1
10.4	358.94	10317	0.00030196	0.00033095	3.9829e-59	7.8971e-59	0.28301	1.5903e-10	444.95	18.91	0.64366	0.02249	5.5393e-10	1.6551e-11	0.0038492	349.32	81.208	0.0012804	368.11	0.0053426	1.0098	1.1504	0.0047057	124.42	5.8149	1e-05	72.988	0.094318	0.0077627	2.8584	3.8092e-321	0.57274	1.2127e-09	5.7707e-321	565.48	301.92	364.49
10.5	358.95	10308	0.00030206	0.00033137	1.1071e-59	2.1635e-59	0.28346	1.5928e-10	438.7	18.905	0.64257	0.022738	5.8882e-10	1.6938e-11	0.0038547	346.25	81.203	0.0012807	368.22	0.0054296	1.0206	1.149	0.0046891	125.35	5.8149	1e-05	72.413	0.094224	0.007756	2.8555	3.8389e-321	0.57404	1.2407e-09	5.825e-321	567.37	303.81	366.85
10.6	358.96	10299	0.00030216	0.00033179	3.0771e-60	5.927e-60	0.28389	1.5952e-10	432.54	18.899	0.64148	0.022987	6.2558e-10	1.7332e-11	0.0038601	343.2	81.197	0.0012811	368.32	0.005517	1.0314	1.1476	0.0046726	126.28	5.8149	1e-05	71.843	0.09413	0.0077493	2.8525	3.8636e-321	0.57535	1.2691e-09	5.8794e-321	569.22	305.69	369.19
10.7	358.98	10291	0.00030226	0.00033222	8.5531e-61	1.6238e-60	0.28431	1.5976e-10	426.48	18.894	0.64041	0.023236	6.6431e-10	1.7733e-11	0.0038654	340.17	81.191	0.0012815	368.43	0.0056049	1.0422	1.1461	0.0046563	127.19	5.8149	1e-05	71.278	0.094036	0.0077426	2.8496	3.8932e-321	0.57666	1.2978e-09	5.9288e-321	571.02	307.55	371.5
10.8	358.99	10282	0.00030236	0.00033265	2.3774e-61	4.4484e-61	0.28472	1.5999e-10	420.5	18.888	0.63936	0.023486	7.0509e-10	1.8141e-11	0.0038706	337.16	81.186	0.0012819	368.54	0.0056932	1.0529	1.1446	0.0046401	128.1	5.8149	1e-05	70.718	0.093942	0.0077359	2.8466	3.9229e-321	0.57796	1.3268e-09	5.9782e-321	572.79	309.39	373.78
10.9	359	10274	0.00030246	0.00033308	6.608e-62	1.2187e-61	0.28511	1.6021e-10	414.61	18.882	0.63831	0.023736	7.4801e-10	1.8557e-11	0.0038757	334.16	81.18	0.0012822	368.64	0.005782	1.0637	1.1432	0.004624	129.01	5.8149	1e-05	70.162	0.093849	0.0077292	2.8437	3.9525e-321	0.57927	1.3563e-09	6.0276e-321	574.5	311.21	376.03
11	359.02	10266	0.00030256	0.00033351	1.8367e-62	3.3387e-62	0.2855	1.6043e-10	408.81	18.877	0.63727	0.023987	7.9318e-10	1.898e-11	0.0038807	331.18	81.175	0.0012826	368.75	0.0058713	1.0745	1.1417	0.0046081	129.91	5.8149	1e-05	69.611	0.093756	0.0077226	2.8408	3.9822e-321	0.58058	1.3861e-09	6.0721e-321	576.18	313.01	378.25
11.1	359.03	10258	0.00030267	0.00033395	5.1053e-63	9.1467e-63	0.28588	1.6064e-10	403.09	18.871	0.63625	0.024238	8.4069e-10	1.941e-11	0.0038856	328.22	81.169	0.001283	368.85	0.0059609	1.0853	1.1402	0.0045923	130.81	5.8149	1e-05	69.065	0.093663	0.0077159	2.8379	4.0118e-321	0.58189	1.4162e-09	6.1215e-321	577.82	314.8	380.45
11.2	359.04	10250	0.00030277	0.00033438	1.419e-63	2.5058e-63	0.28624	1.6085e-10	397.46	18.866	0.63524	0.024489	8.9065e-10	1.9848e-11	0.0038904	325.28	81.164	0.0012833	368.96	0.006051	1.0961	1.1387	0.0045767	131.7	5.8149	1e-05	68.524	0.093571	0.0077093	2.835	4.0464e-321	0.5832	1.4467e-09	6.1758e-321	579.42	316.57	382.62
11.3	359.06	10242	0.00030288	0.00033482	3.9443e-64	6.8649e-64	0.2866	1.6105e-10	391.91	18.86	0.63424	0.024741	9.4316e-10	2.0294e-11	0.0038951	322.35	81.158	0.0012837	369.06	0.0061415	1.1068	1.1372	0.0045612	132.58	5.8149	1e-05	67.987	0.093479	0.0077027	2.8321	4.076e-321	0.58451	1.4775e-09	6.2302e-321	580.97	318.32	384.76
11.4	359.07	10234	0.00030298	0.00033526	1.0963e-64	1.8807e-64	0.28694	1.6124e-10	386.43	18.854	0.63325	0.024993	9.9834e-10	2.0749e-11	0.0038997	319.45	81.153	0.001284	369.17	0.0062324	1.1176	1.1358	0.0045458	133.46	5.8149	1e-05	67.454	0.093387	0.0076961	2.8292	4.1057e-321	0.58583	1.5087e-09	6.2746e-321	582.49	320.06	386.88
11.5	359.08	10226	0.00030309	0.0003357	3.0473e-65	5.1524e-65	0.28728	1.6143e-10	381.04	18.849	0.63228	0.025246	1.0563e-09	2.1211e-11	0.0039042	316.56	81.147	0.0012844	369.27	0.0063237	1.1283	1.1342	0.0045306	134.33	5.8149	1e-05	66.926	0.093296	0.0076895	2.8264	4.1353e-321	0.58714	1.5402e-09	6.324e-321	583.98	321.78	388.97
11.6	359.1	10219	0.0003032	0.00033614	8.4701e-66	1.4115e-65	0.28761	1.6162e-10	375.73	18.843	0.63131	0.025499	1.1172e-09	2.1681e-11	0.0039086	313.69	81.142	0.0012848	369.37	0.0064153	1.1391	1.1327	0.0045155	135.19	5.8149	1e-05	66.403	0.093205	0.007683	2.8235	4.16e-321	0.58845	1.5721e-09	6.3734e-321	585.42	323.48	391.03
11.7	359.11	10211	0.00030331	0.00033658	2.3543e-66	3.867e-66	0.28793	1.618e-10	370.49	18.837	0.63036	0.025753	1.1811e-09	2.216e-11	0.0039129	310.84	81.136	0.0012851	369.47	0.0065073	1.1498	1.1312	0.0045005	136.05	5.8149	1e-05	65.884	0.093115	0.0076765	2.8207	4.1897e-321	0.58977	1.6043e-09	6.4229e-321	586.83	325.16	393.06
11.8	359.12	10204	0.00030342	0.00033703	6.5439e-67	1.0594e-66	0.28824	1.6197e-10	365.33	18.832	0.62942	0.026006	1.2481e-09	2.2647e-11	0.003917	308	81.131	0.0012855	369.58	0.0065997	1.1605	1.1297	0.0044857	136.9	5.8149	1e-05	65.369	0.093025	0.00767	2.8179	4.2094e-321	0.59108	1.6368e-09	6.4673e-321	588.2	326.83	395.07
11.9	359.13	10197	0.00030353	0.00033747	1.8189e-67	2.9024e-67	0.28854	1.6214e-10	360.24	18.826	0.6285	0.026261	1.3185e-09	2.3143e-11	0.0039211	305.19	81.125	0.0012858	369.68	0.0066924	1.1712	1.1282	0.004471	137.75	5.8149	1e-05	64.859	0.092936	0.0076636	2.8151	4.2391e-321	0.5924	1.6697e-09	6.5118e-321	589.54	328.48	397.05
12	359.14	10189	0.00030364	0.00033792	5.0557e-68	7.9513e-68	0.28883	1.623e-10	355.23	18.82	0.62758	0.026515	1.3923e-09	2.3648e-11	0.0039251	302.4	81.12	0.0012862	369.78	0.0067855	1.1819	1.1267	0.0044564	138.59	5.8149	1e-05	64.353	0.092847	0.0076571	2.8123	4.2588e-321	0.59371	1.7029e-09	6.5563e-321	590.85	330.12	399
12.1	359.16	10182	0.00030375	0.00033836	1.4053e-68	2.1783e-68	0.28911	1.6246e-10	350.29	18.815	0.62668	0.02677	1.4696e-09	2.4162e-11	0.003929	299.62	81.114	0.0012865	369.88	0.0068789	1.1926	1.1251	0.004442	139.42	5.8149	1e-05	63.851	0.092758	0.0076507	2.8095	4.2835e-321	0.59503	1.7364e-09	6.6057e-321	592.12	331.74	400.92
12.2	359.17	10175	0.00030386	0.00033881	3.906e-69	5.9677e-69	0.28939	1.6262e-10	345.42	18.809	0.62579	0.027025	1.5507e-09	2.4684e-11	0.0039328	296.86	81.109	0.0012869	369.98	0.0069726	1.2033	1.1236	0.0044277	140.25	5.8149	1e-05	63.354	0.09267	0.0076443	2.8068	4.3083e-321	0.59634	1.7702e-09	6.6551e-321	593.35	333.34	402.82
12.3	359.18	10169	0.00030398	0.00033925	1.0857e-69	1.6349e-69	0.28966	1.6277e-10	340.62	18.803	0.62491	0.027281	1.6357e-09	2.5216e-11	0.0039365	294.12	81.104	0.0012872	370.08	0.0070666	1.214	1.122	0.0044135	141.07	5.8149	1e-05	62.861	0.092582	0.007638	2.804	4.333e-321	0.59766	1.8044e-09	6.6995e-321	594.56	334.93	404.7
12.4	359.19	10162	0.00030409	0.0003397	3.0177e-70	4.479e-70	0.28992	1.6292e-10	335.89	18.797	0.62404	0.027537	1.7247e-09	2.5758e-11	0.0039401	291.41	81.098	0.0012876	370.18	0.0071608	1.2246	1.1205	0.0043995	141.88	5.8149	1e-05	62.372	0.092495	0.0076317	2.8013	4.3626e-321	0.59898	1.8388e-09	6.7489e-321	595.73	336.5	406.54
12.5	359.2	10155	0.0003042	0.00034014	8.388e-71	1.2271e-70	0.29017	1.6306e-10	331.23	18.792	0.62319	0.027794	1.8179e-09	2.6309e-11	0.0039436	288.71	81.093	0.0012879	370.28	0.0072554	1.2353	1.1189	0.0043855	142.69	5.8149	1e-05	61.887	0.092409	0.0076254	2.7986	4.3873e-321	0.6003	1.8736e-09	6.7983e-321	596.87	338.06	408.36
12.6	359.21	10149	0.00030432	0.00034059	2.3315e-71	3.3616e-71	0.29042	1.632e-10	326.64	18.786	0.62235	0.02805	1.9154e-09	2.6869e-11	0.0039469	286.03	81.088	0.0012883	370.37	0.0073503	1.2459	1.1174	0.0043718	143.49	5.8149	1e-05	61.407	0.092323	0.0076192	2.7959	4.4169e-321	0.60161	1.9086e-09	6.8477e-321	597.99	339.61	410.16
12.7	359.23	10142	0.00030443	0.00034103	6.4804e-72	9.2095e-72	0.29066	1.6333e-10	322.11	18.78	0.62151	0.028307	2.0175e-09	2.7439e-11	0.0039502	283.36	81.083	0.0012886	370.47	0.0074454	1.2565	1.1158	0.0043581	144.28	5.8149	1e-05	60.93	0.092237	0.0076129	2.7933	4.4466e-321	0.60293	1.944e-09	6.8922e-321	599.07	341.13	411.93
12.8	359.24	10136	0.00030455	0.00034148	1.8013e-72	2.523e-72	0.29089	1.6346e-10	317.65	18.775	0.6207	0.028565	2.1244e-09	2.802e-11	0.0039534	280.72	81.077	0.0012889	370.57	0.0075407	1.2671	1.1142	0.0043445	145.06	5.8149	1e-05	60.458	0.092152	0.0076068	2.7906	4.4713e-321	0.60425	1.9797e-09	6.9416e-321	600.12	342.65	413.67
12.9	359.25	10130	0.00030466	0.00034192	5.0067e-73	6.912e-73	0.29111	1.6359e-10	313.25	18.769	0.61989	0.028822	2.2361e-09	2.861e-11	0.0039565	278.1	81.072	0.0012893	370.67	0.0076363	1.2777	1.1127	0.0043311	145.84	5.8149	1e-05	59.989	0.092068	0.0076006	2.788	4.5009e-321	0.60556	2.0156e-09	6.991e-321	601.15	344.14	415.39
13	359.26	10124	0.00030478	0.00034237	1.3916e-73	1.8936e-73	0.29133	1.6371e-10	308.91	18.763	0.61909	0.029081	2.3529e-09	2.9211e-11	0.0039595	275.5	81.067	0.0012896	370.76	0.0077322	1.2882	1.1111	0.0043178	146.61	5.8149	1e-05	59.525	0.091984	0.0075945	2.7853	4.5256e-321	0.60688	2.0518e-09	7.0404e-321	602.14	345.63	417.08
13.1	359.27	10118	0.0003049	0.00034281	3.8681e-74	5.1877e-74	0.29154	1.6383e-10	304.64	18.757	0.61831	0.029339	2.4751e-09	2.9823e-11	0.0039624	272.91	81.062	0.0012899	370.86	0.0078282	1.2988	1.1095	0.0043046	147.37	5.8149	1e-05	59.065	0.091901	0.0075884	2.7827	4.5503e-321	0.6082	2.0884e-09	7.0898e-321	603.11	347.1	418.75
13.2	359.28	10112	0.00030501	0.00034325	1.0752e-74	1.4212e-74	0.29175	1.6394e-10	300.42	18.751	0.61753	0.029598	2.6027e-09	3.0444e-11	0.0039652	270.35	81.056	0.0012903	370.95	0.0079245	1.3093	1.1079	0.0042915	148.13	5.8149	1e-05	58.608	0.091818	0.0075824	2.7802	4.575e-321	0.60951	2.1252e-09	7.1343e-321	604.05	348.55	420.39
13.3	359.29	10106	0.00030513	0.00034369	2.9885e-75	3.8936e-75	0.29194	1.6405e-10	296.27	18.746	0.61677	0.029857	2.7361e-09	3.1077e-11	0.0039679	267.81	81.051	0.0012906	371.05	0.0080209	1.3198	1.1064	0.0042786	148.88	5.8149	1e-05	58.156	0.091736	0.0075764	2.7776	4.5948e-321	0.61083	2.1622e-09	7.1837e-321	604.97	349.99	422
13.4	359.3	10100	0.00030524	0.00034413	8.3066e-76	1.0667e-75	0.29214	1.6416e-10	292.18	18.74	0.61602	0.030116	2.8753e-09	3.1721e-11	0.0039706	265.28	81.046	0.0012909	371.14	0.0081175	1.3303	1.1048	0.0042657	149.62	5.8149	1e-05	57.708	0.091654	0.0075704	2.775	4.6245e-321	0.61214	2.1995e-09	7.2331e-321	605.86	351.42	423.6
13.5	359.31	10095	0.00030536	0.00034457	2.3089e-76	2.9223e-76	0.29232	1.6427e-10	288.14	18.734	0.61528	0.030376	3.0208e-09	3.2376e-11	0.0039731	262.78	81.041	0.0012913	371.24	0.0082144	1.3408	1.1032	0.004253	150.36	5.8149	1e-05	57.263	0.091573	0.0075645	2.7725	4.6442e-321	0.61345	2.2371e-09	7.2825e-321	606.72	352.84	425.16
13.6	359.32	10089	0.00030548	0.00034501	6.4176e-77	8.0058e-77	0.2925	1.6437e-10	284.17	18.728	0.61456	0.030636	3.1726e-09	3.3042e-11	0.0039755	260.29	81.036	0.0012916	371.33	0.0083113	1.3512	1.1016	0.0042404	151.08	5.8149	1e-05	56.822	0.091493	0.0075585	2.77	4.6739e-321	0.61477	2.275e-09	7.3369e-321	607.56	354.24	426.71
13.7	359.33	10084	0.0003056	0.00034545	1.7838e-77	2.1933e-77	0.29268	1.6447e-10	280.24	18.722	0.61384	0.030896	3.331e-09	3.3719e-11	0.0039779	257.83	81.031	0.0012919	371.42	0.0084085	1.3616	1.1	0.0042279	151.8	5.8149	1e-05	56.385	0.091413	0.0075527	2.7675	4.6936e-321	0.61608	2.3131e-09	7.3912e-321	608.37	355.62	428.23
13.8	359.33	10078	0.00030571	0.00034588	4.9581e-78	6.0087e-78	0.29285	1.6456e-10	276.38	18.717	0.61313	0.031156	3.4962e-09	3.4408e-11	0.0039801	255.38	81.026	0.0012922	371.52	0.0085057	1.372	1.0984	0.0042155	152.51	5.8149	1e-05	55.952	0.091333	0.0075469	2.765	4.7134e-321	0.61739	2.3514e-09	7.4357e-321	609.16	356.99	429.72
13.9	359.34	10073	0.00030583	0.00034631	1.3781e-78	1.6461e-78	0.29301	1.6466e-10	272.57	18.711	0.61244	0.031417	3.6686e-09	3.511e-11	0.0039823	252.96	81.021	0.0012925	371.61	0.0086031	1.3824	1.0968	0.0042033	153.22	5.8149	1e-05	55.523	0.091254	0.0075411	2.7626	4.7331e-321	0.6187	2.39e-09	7.4851e-321	609.93	358.35	431.19
14	359.35	10068	0.00030595	0.00034675	3.8306e-79	4.5097e-79	0.29317	1.6475e-10	268.82	18.705	0.61175	0.031678	3.8483e-09	3.5823e-11	0.0039844	250.55	81.016	0.0012929	371.7	0.0087007	1.3928	1.0952	0.0041911	153.92	5.8149	1e-05	55.097	0.091176	0.0075353	2.7601	4.7529e-321	0.62001	2.4288e-09	7.5345e-321	610.67	359.7	432.64
14.1	359.36	10063	0.00030606	0.00034718	1.0647e-79	1.2355e-79	0.29333	1.6483e-10	265.11	18.699	0.61108	0.03194	4.0357e-09	3.6548e-11	0.0039864	248.16	81.011	0.0012932	371.79	0.0087983	1.4031	1.0936	0.004179	154.61	5.8149	1e-05	54.675	0.091099	0.0075296	2.7577	4.7776e-321	0.62131	2.4678e-09	7.5839e-321	611.39	361.04	434.07
14.2	359.37	10058	0.00030618	0.00034761	2.9595e-80	3.3847e-80	0.29348	1.6492e-10	261.47	18.693	0.61041	0.032201	4.2309e-09	3.7285e-11	0.0039883	245.8	81.006	0.0012935	371.88	0.0088961	1.4134	1.092	0.0041671	155.29	5.8149	1e-05	54.257	0.091022	0.0075239	2.7553	4.7974e-321	0.62262	2.5071e-09	7.6284e-321	612.09	362.36	435.47
14.3	359.38	10053	0.0003063	0.00034803	8.226e-81	9.2727e-81	0.29362	1.65e-10	257.87	18.688	0.60976	0.032463	4.4343e-09	3.8035e-11	0.0039902	243.45	81.001	0.0012938	371.97	0.0089939	1.4237	1.0903	0.0041552	155.96	5.8149	1e-05	53.842	0.090945	0.0075183	2.7529	4.8171e-321	0.62392	2.5465e-09	7.6778e-321	612.76	363.66	436.84
14.4	359.38	10048	0.00030641	0.00034846	2.2865e-81	2.5403e-81	0.29376	1.6508e-10	254.32	18.682	0.60912	0.032725	4.6461e-09	3.8798e-11	0.0039919	241.12	80.996	0.0012941	372.06	0.0090918	1.434	1.0887	0.0041435	156.63	5.8149	1e-05	53.432	0.090869	0.0075127	2.7506	4.8369e-321	0.62522	2.5862e-09	7.7272e-321	613.42	364.96	438.2
14.5	359.39	10043	0.00030653	0.00034888	6.3553e-82	6.9595e-82	0.2939	1.6515e-10	250.83	18.676	0.60849	0.032988	4.8666e-09	3.9574e-11	0.0039936	238.81	80.991	0.0012944	372.15	0.0091898	1.4442	1.0871	0.0041318	157.29	5.8149	1e-05	53.024	0.090794	0.0075071	2.7482	4.8616e-321	0.62652	2.6261e-09	7.7766e-321	614.05	366.24	439.53
14.6	359.4	10039	0.00030665	0.0003493	1.7665e-82	1.9066e-82	0.29403	1.6523e-10	247.38	18.67	0.60786	0.03325	5.0962e-09	4.0363e-11	0.0039952	236.53	80.987	0.0012947	372.24	0.0092878	1.4544	1.0855	0.0041203	157.94	5.8149	1e-05	52.621	0.090719	0.0075016	2.7459	4.8863e-321	0.62782	2.6662e-09	7.826e-321	614.66	367.51	440.84
14.7	359.41	10034	0.00030676	0.00034972	4.9101e-83	5.2233e-83	0.29415	1.653e-10	243.99	18.664	0.60725	0.033513	5.3351e-09	4.1165e-11	0.0039967	234.26	80.982	0.001295	372.33	0.0093859	1.4646	1.0839	0.0041088	158.58	5.8149	1e-05	52.221	0.090645	0.0074961	2.7436	4.911e-321	0.62912	2.7065e-09	7.8754e-321	615.26	368.77	442.13
14.8	359.41	10030	0.00030688	0.00035014	1.3648e-83	1.431e-83	0.29427	1.6537e-10	240.64	18.659	0.60665	0.033777	5.5836e-09	4.198e-11	0.0039981	232.01	80.977	0.0012954	372.42	0.009484	1.4747	1.0823	0.0040975	159.22	5.8149	1e-05	51.824	0.090571	0.0074907	2.7413	4.9357e-321	0.63041	2.7469e-09	7.9199e-321	615.83	370.02	443.4
14.9	359.42	10025	0.00030699	0.00035055	3.7935e-84	3.9203e-84	0.29439	1.6543e-10	237.34	18.653	0.60605	0.03404	5.8421e-09	4.2809e-11	0.0039995	229.78	80.972	0.0012957	372.5	0.0095821	1.4848	1.0806	0.0040862	159.85	5.8149	1e-05	51.431	0.090498	0.0074853	2.739	4.9604e-321	0.6317	2.7876e-09	7.9643e-321	616.38	371.25	444.64
15	359.43	10021	0.00030711	0.00035096	1.0544e-84	1.074e-84	0.29451	1.655e-10	234.08	18.647	0.60547	0.034304	6.1109e-09	4.3652e-11	0.0040008	227.57	80.968	0.001296	372.59	0.0096803	1.4949	1.079	0.0040751	160.47	5.8149	1e-05	51.042	0.090426	0.0074799	2.7367	4.9802e-321	0.63299	2.8284e-09	8.0088e-321	616.92	372.48	445.87
15.1	359.43	10017	0.00030722	0.00035137	2.9308e-85	2.9423e-85	0.29462	1.6556e-10	230.88	18.641	0.6049	0.034568	6.3902e-09	4.4509e-11	0.004002	225.38	80.963	0.0012963	372.68	0.0097784	1.505	1.0774	0.004064	161.09	5.8149	1e-05	50.656	0.090354	0.0074746	2.7345	5.0049e-321	0.63428	2.8694e-09	8.0533e-321	617.43	373.69	447.07
15.2	359.44	10013	0.00030734	0.00035178	8.1462e-86	8.0608e-86	0.29472	1.6562e-10	227.72	18.635	0.60433	0.034832	6.6805e-09	4.5381e-11	0.0040031	223.21	80.958	0.0012966	372.76	0.0098766	1.515	1.0758	0.0040531	161.69	5.8149	1e-05	50.273	0.090283	0.0074693	2.7323	5.0296e-321	0.63556	2.9105e-09	8.1027e-321	617.93	374.89	448.25
15.3	359.44	10008	0.00030745	0.00035218	2.2643e-86	2.2083e-86	0.29482	1.6567e-10	224.6	18.629	0.60378	0.035096	6.982e-09	4.6266e-11	0.0040042	221.06	80.953	0.0012969	372.85	0.0099747	1.525	1.0741	0.0040422	162.29	5.8149	1e-05	49.894	0.090212	0.007464	2.7301	5.0543e-321	0.63684	2.9518e-09	8.1521e-321	618.41	376.08	449.41
15.4	359.45	10004	0.00030756	0.00035258	6.2937e-87	6.0499e-87	0.29492	1.6573e-10	221.53	18.624	0.60323	0.035361	7.2952e-09	4.7167e-11	0.0040052	218.93	80.949	0.0012971	372.93	0.010073	1.535	1.0725	0.0040314	162.88	5.8149	1e-05	49.519	0.090142	0.0074588	2.7279	5.079e-321	0.63812	2.9933e-09	8.1965e-321	618.87	377.25	450.55
15.5	359.45	10001	0.00030768	0.00035298	1.7494e-87	1.6574e-87	0.29502	1.6578e-10	218.5	18.618	0.60269	0.035626	7.6204e-09	4.8082e-11	0.0040061	216.82	80.944	0.0012974	373.02	0.010171	1.5449	1.0709	0.0040207	163.47	5.8149	1e-05	49.146	0.090072	0.0074536	2.7257	5.1037e-321	0.63939	3.0348e-09	8.241e-321	619.32	378.42	451.67
15.6	359.46	9996.7	0.00030779	0.00035338	4.8624e-88	4.5407e-88	0.29511	1.6583e-10	215.51	18.612	0.60216	0.035891	7.9579e-09	4.9012e-11	0.004007	214.73	80.94	0.0012977	373.1	0.010269	1.5548	1.0693	0.0040101	164.04	5.8149	1e-05	48.778	0.090003	0.0074485	2.7236	5.1235e-321	0.64066	3.0766e-09	8.2855e-321	619.75	379.57	452.76
15.7	359.46	9992.9	0.0003079	0.00035377	1.3515e-88	1.244e-88	0.29519	1.6588e-10	212.57	18.606	0.60165	0.036156	8.308e-09	4.9958e-11	0.0040078	212.66	80.935	0.001298	373.18	0.010367	1.5647	1.0676	0.0039996	164.61	5.8149	1e-05	48.412	0.089935	0.0074434	2.7215	5.1432e-321	0.64193	3.1184e-09	8.3349e-321	620.16	380.71	453.84
15.8	359.47	9989.1	0.00030801	0.00035416	3.7567e-89	3.4079e-89	0.29528	1.6593e-10	209.67	18.6	0.60114	0.036422	8.6713e-09	5.0919e-11	0.0040085	210.61	80.931	0.0012983	373.27	0.010465	1.5745	1.066	0.0039892	165.17	5.8149	1e-05	48.05	0.089867	0.0074383	2.7194	5.163e-321	0.6432	3.1604e-09	8.3843e-321	620.56	381.85	454.9
15.9	359.47	9985.5	0.00030813	0.00035454	1.0442e-89	9.3363e-90	0.29536	1.6598e-10	206.8	18.595	0.60063	0.036688	9.0481e-09	5.1895e-11	0.0040092	208.57	80.926	0.0012986	373.35	0.010562	1.5843	1.0644	0.0039789	165.73	5.8149	1e-05	47.691	0.0898	0.0074333	2.7173	5.1827e-321	0.64446	3.2025e-09	8.4337e-321	620.94	382.97	455.94
16	359.47	9981.9	0.00030824	0.00035493	2.9023e-90	2.5578e-90	0.29544	1.6602e-10	203.98	18.589	0.60014	0.036954	9.4386e-09	5.2888e-11	0.0040098	206.56	80.922	0.0012989	373.43	0.01066	1.5941	1.0628	0.0039686	166.27	5.8149	1e-05	47.336	0.089733	0.0074284	2.7152	5.2025e-321	0.64572	3.2447e-09	8.4831e-321	621.3	384.08	456.96
16.1	359.48	9978.4	0.00030835	0.00035531	8.0672e-91	7.0072e-91	0.29551	1.6606e-10	201.2	18.583	0.59966	0.03722	9.8434e-09	5.3896e-11	0.0040103	204.56	80.917	0.0012992	373.51	0.010758	1.6038	1.0611	0.0039585	166.81	5.8149	1e-05	46.984	0.089667	0.0074234	2.7131	5.2272e-321	0.64697	3.287e-09	8.5325e-321	621.65	385.18	457.96
16.2	359.48	9974.9	0.00030846	0.00035569	2.2423e-91	1.9197e-91	0.29559	1.661e-10	198.46	18.577	0.59918	0.037486	1.0263e-08	5.4921e-11	0.0040108	202.59	80.913	0.0012994	373.59	0.010855	1.6135	1.0595	0.0039484	167.34	5.8149	1e-05	46.635	0.089602	0.0074185	2.7111	5.242e-321	0.64822	3.3293e-09	8.5819e-321	621.99	386.27	458.94
16.3	359.48	9971.6	0.00030856	0.00035606	6.2326e-92	5.2592e-92	0.29565	1.6614e-10	195.76	18.572	0.59871	0.037753	1.0697e-08	5.5962e-11	0.0040112	200.63	80.909	0.0012997	373.67	0.010953	1.6231	1.0579	0.0039384	167.87	5.8149	1e-05	46.289	0.089537	0.0074137	2.7091	5.2569e-321	0.64947	3.3718e-09	8.6214e-321	622.31	387.35	459.91
16.4	359.49	9968.2	0.00030867	0.00035643	1.7324e-92	1.4408e-92	0.29572	1.6618e-10	193.1	18.566	0.59825	0.03802	1.1147e-08	5.702e-11	0.0040116	198.69	80.904	0.0013	373.75	0.01105	1.6327	1.0563	0.0039285	168.38	5.8149	1e-05	45.946	0.089472	0.0074088	2.7071	5.2766e-321	0.65071	3.4144e-09	8.6659e-321	622.61	388.41	460.85
16.5	359.49	9965	0.00030878	0.0003568	4.8153e-93	3.9472e-93	0.29578	1.6621e-10	190.48	18.56	0.5978	0.038287	1.1613e-08	5.8095e-11	0.0040119	196.77	80.9	0.0013003	373.83	0.011147	1.6423	1.0546	0.0039187	168.89	5.8149	1e-05	45.607	0.089408	0.0074041	2.7051	5.2964e-321	0.65195	3.457e-09	8.7054e-321	622.9	389.47	461.78
16.6	359.49	9961.8	0.00030889	0.00035716	1.3384e-93	1.0814e-93	0.29585	1.6625e-10	187.89	18.554	0.59735	0.038554	1.2095e-08	5.9187e-11	0.0040122	194.87	80.896	0.0013006	373.91	0.011244	1.6519	1.053	0.0039089	169.4	5.8149	1e-05	45.271	0.089345	0.0073993	2.7031	5.3211e-321	0.65319	3.4997e-09	8.7499e-321	623.18	390.52	462.69
16.7	359.49	9958.7	0.00030899	0.00035753	3.7202e-94	2.9625e-94	0.2959	1.6628e-10	185.34	18.549	0.59692	0.038821	1.2594e-08	6.0296e-11	0.0040124	192.99	80.891	0.0013008	373.99	0.011341	1.6614	1.0514	0.0038993	169.89	5.8149	1e-05	44.938	0.089282	0.0073946	2.7012	5.3458e-321	0.65442	3.5425e-09	8.7993e-321	623.45	391.56	463.58
16.8	359.5	9955.7	0.0003091	0.00035788	1.0341e-94	8.1161e-95	0.29596	1.6631e-10	182.82	18.543	0.59649	0.039089	1.3109e-08	6.1423e-11	0.0040125	191.13	80.887	0.0013011	374.07	0.011437	1.6708	1.0498	0.0038897	170.38	5.8149	1e-05	44.608	0.08922	0.0073899	2.6992	5.3705e-321	0.65564	3.5853e-09	8.8388e-321	623.7	392.59	464.46
16.9	359.5	9952.7	0.0003092	0.00035824	2.8742e-95	2.2235e-95	0.29601	1.6634e-10	180.34	18.537	0.59607	0.039357	1.3643e-08	6.2567e-11	0.0040126	189.29	80.883	0.0013014	374.15	0.011534	1.6802	1.0482	0.0038802	170.86	5.8149	1e-05	44.282	0.089159	0.0073853	2.6973	5.3903e-321	0.65686	3.6281e-09	8.8833e-321	623.94	393.6	465.31
17	359.5	9949.7	0.00030931	0.00035859	7.989e-96	6.0914e-96	0.29606	1.6637e-10	177.9	18.532	0.59565	0.039625	1.4194e-08	6.373e-11	0.0040127	187.46	80.879	0.0013016	374.22	0.01163	1.6896	1.0466	0.0038707	171.34	5.8149	1e-05	43.958	0.089098	0.0073807	2.6954	5.415e-321	0.65808	3.671e-09	8.9327e-321	624.17	394.61	466.16
17.1	359.5	9946.9	0.00030941	0.00035893	2.2206e-96	1.6688e-96	0.29611	1.664e-10	175.49	18.526	0.59525	0.039893	1.4764e-08	6.491e-11	0.0040127	185.66	80.875	0.0013019	374.3	0.011726	1.6989	1.045	0.0038614	171.8	5.8149	1e-05	43.638	0.089037	0.0073762	2.6935	5.4347e-321	0.65929	3.7139e-09	8.9772e-321	624.38	395.61	466.98
17.2	359.5	9944.1	0.00030951	0.00035928	6.1722e-97	4.5718e-97	0.29616	1.6643e-10	173.12	18.52	0.59485	0.040161	1.5352e-08	6.6109e-11	0.0040126	183.87	80.871	0.0013022	374.37	0.011822	1.7082	1.0434	0.0038521	172.26	5.8149	1e-05	43.32	0.088977	0.0073717	2.6917	5.4495e-321	0.6605	3.7569e-09	9.0266e-321	624.59	396.6	467.79
17.3	359.5	9941.3	0.00030962	0.00035962	1.7156e-97	1.2525e-97	0.2962	1.6645e-10	170.78	18.515	0.59446	0.040429	1.596e-08	6.7327e-11	0.0040126	182.1	80.866	0.0013024	374.45	0.011917	1.7175	1.0418	0.0038429	172.71	5.8149	1e-05	43.006	0.088918	0.0073672	2.6898	5.4693e-321	0.6617	3.7999e-09	9.071e-321	624.78	397.58	468.58
17.4	359.5	9938.6	0.00030972	0.00035995	4.7686e-98	3.4313e-98	0.29624	1.6647e-10	168.47	18.509	0.59407	0.040698	1.6587e-08	6.8563e-11	0.0040124	180.35	80.862	0.0013027	374.52	0.012012	1.7267	1.0402	0.0038338	173.16	5.8149	1e-05	42.695	0.088859	0.0073628	2.688	5.4891e-321	0.6629	3.8428e-09	9.1106e-321	624.96	398.54	469.35
17.5	359.5	9936	0.00030982	0.00036028	1.3254e-98	9.4004e-99	0.29628	1.665e-10	166.2	18.503	0.59369	0.040967	1.7234e-08	6.9818e-11	0.0040122	178.61	80.858	0.0013029	374.6	0.012107	1.7358	1.0386	0.0038248	173.6	5.8149	1e-05	42.387	0.088801	0.0073584	2.6862	5.5088e-321	0.66409	3.8858e-09	9.1501e-321	625.13	399.5	470.11
17.6	359.5	9933.4	0.00030992	0.00036061	3.6841e-99	2.5753e-99	0.29632	1.6652e-10	163.96	18.498	0.59332	0.041236	1.7902e-08	7.1092e-11	0.004012	176.9	80.854	0.0013032	374.67	0.012202	1.745	1.037	0.0038158	174.03	5.8149	1e-05	42.082	0.088743	0.007354	2.6844	5.5335e-321	0.66528	3.9288e-09	9.1896e-321	625.29	400.45	470.85
17.7	359.5	9930.9	0.00031001	0.00036094	1.024e-99	7.0553e-100	0.29636	1.6654e-10	161.75	18.492	0.59296	0.041505	1.8591e-08	7.2386e-11	0.0040118	175.2	80.85	0.0013035	374.75	0.012297	1.754	1.0354	0.0038069	174.46	5.8149	1e-05	41.78	0.088686	0.0073497	2.6826	5.5533e-321	0.66646	3.9718e-09	9.2341e-321	625.43	401.39	471.58
17.8	359.5	9928.4	0.00031011	0.00036126	2.8463e-100	1.9329e-100	0.29639	1.6656e-10	159.57	18.487	0.5926	0.041774	1.9302e-08	7.3699e-11	0.0040115	173.53	80.846	0.0013037	374.82	0.012391	1.7631	1.0338	0.0037981	174.88	5.8149	1e-05	41.48	0.088629	0.0073454	2.6809	5.5731e-321	0.66764	4.0147e-09	9.2736e-321	625.57	402.33	472.3
17.9	359.5	9926	0.00031021	0.00036157	7.9115e-101	5.2953e-101	0.29642	1.6657e-10	157.43	18.481	0.59225	0.042044	2.0034e-08	7.5032e-11	0.0040111	171.87	80.843	0.001304	374.89	0.012485	1.772	1.0322	0.0037893	175.29	5.8149	1e-05	41.184	0.088573	0.0073412	2.6791	5.5928e-321	0.66881	4.0577e-09	9.3181e-321	625.7	403.25	472.99
18	359.5	9923.6	0.00031031	0.00036189	2.199e-101	1.4507e-101	0.29645	1.6659e-10	155.31	18.476	0.59191	0.042314	2.0789e-08	7.6385e-11	0.0040107	170.22	80.839	0.0013042	374.96	0.012579	1.781	1.0306	0.0037806	175.69	5.8149	1e-05	40.891	0.088517	0.007337	2.6774	5.6126e-321	0.66997	4.1006e-09	9.3477e-321	625.82	404.16	473.68
18.1	359.5	9921.3	0.0003104	0.0003622	6.1123e-102	3.9743e-102	0.29648	1.6661e-10	153.23	18.47	0.59157	0.042583	2.1566e-08	7.7758e-11	0.0040103	168.6	80.835	0.0013045	375.03	0.012672	1.7899	1.0291	0.003772	176.09	5.8149	1e-05	40.601	0.088462	0.0073328	2.6757	5.6274e-321	0.67113	4.1434e-09	9.3872e-321	625.92	405.07	474.35
18.2	359.5	9919.1	0.00031049	0.0003625	1.6989e-102	1.0888e-102	0.29651	1.6662e-10	151.17	18.465	0.59124	0.042853	2.2366e-08	7.9152e-11	0.0040098	166.99	80.831	0.0013047	375.1	0.012765	1.7987	1.0275	0.0037635	176.49	5.8149	1e-05	40.313	0.088408	0.0073287	2.674	5.6472e-321	0.67229	4.1862e-09	9.4268e-321	626.02	405.96	475
18.3	359.5	9916.9	0.00031059	0.0003628	4.7223e-103	2.9828e-103	0.29653	1.6664e-10	149.15	18.459	0.59091	0.043123	2.319e-08	8.0566e-11	0.0040094	165.4	80.827	0.0013049	375.17	0.012858	1.8075	1.0259	0.003755	176.87	5.8149	1e-05	40.029	0.088354	0.0073246	2.6723	5.6719e-321	0.67344	4.229e-09	9.4614e-321	626.11	406.85	475.64
18.4	359.5	9914.7	0.00031068	0.0003631	1.3126e-103	8.1718e-104	0.29656	1.6665e-10	147.15	18.454	0.59059	0.043394	2.4038e-08	8.2e-11	0.0040088	163.83	80.824	0.0013052	375.24	0.01295	1.8162	1.0244	0.0037466	177.25	5.8149	1e-05	39.747	0.0883	0.0073205	2.6707	5.6966e-321	0.67458	4.2717e-09	9.5009e-321	626.19	407.72	476.27
18.5	359.5	9912.6	0.00031077	0.00036339	3.6484e-104	2.2387e-104	0.29658	1.6666e-10	145.19	18.448	0.59028	0.043664	2.491e-08	8.3456e-11	0.0040083	162.28	80.82	0.0013054	375.31	0.013042	1.8249	1.0228	0.0037383	177.62	5.8149	1e-05	39.469	0.088247	0.0073165	2.669	5.7114e-321	0.67572	4.3143e-09	9.5503e-321	626.26	408.59	476.88
18.6	359.5	9910.6	0.00031086	0.00036368	1.0141e-104	6.1332e-105	0.2966	1.6667e-10	143.25	18.443	0.58997	0.043935	2.5808e-08	8.4933e-11	0.0040077	160.74	80.816	0.0013057	375.38	0.013134	1.8336	1.0212	0.00373	177.99	5.8149	1e-05	39.193	0.088195	0.0073125	2.6674	5.7312e-321	0.67685	4.3569e-09	9.5898e-321	626.33	409.45	477.48
18.7	359.49	9908.6	0.00031095	0.00036397	2.8187e-105	1.6802e-105	0.29662	1.6669e-10	141.34	18.437	0.58967	0.044205	2.673e-08	8.6431e-11	0.0040071	159.22	80.812	0.0013059	375.45	0.013225	1.8421	1.0197	0.0037218	178.35	5.8149	1e-05	38.92	0.088143	0.0073086	2.6658	5.7509e-321	0.67797	4.3994e-09	9.6343e-321	626.38	410.3	478.07
18.8	359.49	9906.6	0.00031104	0.00036425	7.8347e-106	4.6032e-106	0.29664	1.667e-10	139.46	18.432	0.58938	0.044476	2.7678e-08	8.795e-11	0.0040064	157.72	80.809	0.0013061	375.52	0.013316	1.8507	1.0182	0.0037137	178.71	5.8149	1e-05	38.65	0.088092	0.0073047	2.6642	5.7707e-321	0.67909	4.4418e-09	9.6738e-321	626.43	411.14	478.64
18.9	359.49	9904.7	0.00031113	0.00036453	2.1777e-106	1.2611e-106	0.29665	1.667e-10	137.6	18.427	0.58909	0.044747	2.8652e-08	8.9491e-11	0.0040057	156.24	80.805	0.0013064	375.58	0.013407	1.8592	1.0166	0.0037056	179.06	5.8149	1e-05	38.383	0.088041	0.0073008	2.6626	5.7855e-321	0.6802	4.4841e-09	9.7183e-321	626.47	411.98	479.2
19	359.49	9902.8	0.00031121	0.0003648	6.053e-107	3.4549e-107	0.29667	1.6671e-10	135.78	18.421	0.5888	0.045018	2.9652e-08	9.1054e-11	0.004005	154.77	80.802	0.0013066	375.65	0.013497	1.8676	1.0151	0.0036977	179.4	5.8149	1e-05	38.118	0.08799	0.007297	2.661	5.8053e-321	0.6813	4.5263e-09	9.7627e-321	626.5	412.8	479.75
19.1	359.48	9901	0.0003113	0.00036507	1.6825e-107	9.4649e-108	0.29668	1.6672e-10	133.98	18.416	0.58852	0.04529	3.0679e-08	9.2639e-11	0.0040043	153.32	80.798	0.0013068	375.72	0.013587	1.876	1.0136	0.0036897	179.74	5.8149	1e-05	37.856	0.087941	0.0072932	2.6595	5.8201e-321	0.6824	4.5684e-09	9.7973e-321	626.52	413.62	480.29
19.2	359.48	9899.2	0.00031139	0.00036534	4.6765e-108	2.593e-108	0.2967	1.6673e-10	132.2	18.411	0.58825	0.045561	3.1733e-08	9.4246e-11	0.0040035	151.88	80.795	0.0013071	375.78	0.013676	1.8843	1.012	0.0036819	180.07	5.8149	1e-05	37.598	0.087891	0.0072894	2.658	5.8349e-321	0.6835	4.6104e-09	9.8368e-321	626.54	414.43	480.81
19.3	359.48	9897.5	0.00031147	0.0003656	1.2999e-108	7.1037e-109	0.29671	1.6673e-10	130.45	18.405	0.58798	0.045833	3.2814e-08	9.5875e-11	0.0040027	150.47	80.791	0.0013073	375.85	0.013765	1.8926	1.0105	0.0036741	180.39	5.8149	1e-05	37.341	0.087842	0.0072857	2.6564	5.8497e-321	0.68458	4.6522e-09	9.8813e-321	626.55	415.22	481.33
19.4	359.47	9895.8	0.00031155	0.00036586	3.613e-109	1.9461e-109	0.29672	1.6674e-10	128.73	18.4	0.58772	0.046104	3.3923e-08	9.7527e-11	0.0040019	149.07	80.788	0.0013075	375.91	0.013853	1.9008	1.009	0.0036664	180.71	5.8149	1e-05	37.088	0.087794	0.007282	2.6549	5.8646e-321	0.68566	4.694e-09	9.9258e-321	626.55	416.02	481.83
19.5	359.47	9894.1	0.00031163	0.00036611	1.0043e-109	5.3316e-110	0.29673	1.6674e-10	127.04	18.395	0.58746	0.046376	3.506e-08	9.9201e-11	0.0040011	147.68	80.784	0.0013077	375.97	0.013941	1.909	1.0075	0.0036587	181.02	5.8149	1e-05	36.838	0.087746	0.0072784	2.6535	5.8893e-321	0.68673	4.7356e-09	9.9653e-321	626.55	416.8	482.32
19.6	359.47	9892.5	0.00031171	0.00036636	2.7914e-110	1.4606e-110	0.29673	1.6675e-10	125.36	18.39	0.58721	0.046648	3.6226e-08	1.009e-10	0.0040002	146.31	80.781	0.0013079	376.04	0.014029	1.9171	1.006	0.0036512	181.33	5.815	1e-05	36.59	0.087699	0.0072748	2.652	5.9041e-321	0.6878	4.777e-09	9.9999e-321	626.54	417.57	482.8
19.7	359.46	9891	0.00031179	0.00036661	7.7587e-111	4.0016e-111	0.29674	1.6675e-10	123.72	18.385	0.58696	0.04692	3.742e-08	1.0262e-10	0.0039994	144.96	80.778	0.0013082	376.1	0.014116	1.9251	1.0045	0.0036436	181.64	5.815	1e-05	36.345	0.087652	0.0072712	2.6505	5.9189e-321	0.68885	4.8183e-09	1.0039e-320	626.52	418.34	483.26
19.8	359.46	9889.4	0.00031187	0.00036685	2.1566e-111	1.0963e-111	0.29675	1.6676e-10	122.1	18.379	0.58672	0.047192	3.8643e-08	1.0436e-10	0.0039985	143.63	80.774	0.0013084	376.16	0.014203	1.9331	1.0031	0.0036362	181.93	5.815	1e-05	36.102	0.087606	0.0072677	2.6491	5.9337e-321	0.6899	4.8595e-09	1.0074e-320	626.5	419.1	483.72
19.9	359.46	9888	0.00031195	0.00036709	5.9943e-112	3.0033e-112	0.29675	1.6676e-10	120.5	18.374	0.58648	0.047464	3.9895e-08	1.0612e-10	0.0039975	142.31	80.771	0.0013086	376.22	0.014289	1.9411	1.0016	0.0036288	182.22	5.815	1e-05	35.862	0.08756	0.0072641	2.6477	5.9486e-321	0.69095	4.9005e-09	1.0109e-320	626.47	419.85	484.17
20	359.45	9886.5	0.00031203	0.00036732	1.6661e-112	8.2278e-113	0.29676	1.6676e-10	118.93	18.369	0.58625	0.047737	4.1176e-08	1.0791e-10	0.0039966	141.01	80.768	0.0013088	376.28	0.014375	1.949	1.0001	0.0036215	182.51	5.815	1e-05	35.625	0.087515	0.0072607	2.6463	5.9733e-321	0.69198	4.9413e-09	1.0148e-320	626.43	420.59	484.6
20.1	359.45	9885.1	0.0003121	0.00036755	4.6311e-113	2.2541e-113	0.29676	1.6676e-10	117.38	18.364	0.58602	0.048009	4.2487e-08	1.0972e-10	0.0039957	139.72	80.765	0.001309	376.34	0.01446	1.9568	0.99867	0.0036142	182.79	5.815	1e-05	35.391	0.08747	0.0072573	2.6449	5.9881e-321	0.69301	4.982e-09	1.0183e-320	626.39	421.32	485.03
20.2	359.44	9883.7	0.00031218	0.00036778	1.2872e-113	6.1753e-114	0.29676	1.6676e-10	115.85	18.359	0.5858	0.048282	4.3828e-08	1.1156e-10	0.0039947	138.45	80.761	0.0013092	376.4	0.014544	1.9646	0.99722	0.003607	183.07	5.815	1e-05	35.159	0.087426	0.0072539	2.6435	6.0078e-321	0.69403	5.0224e-09	1.0222e-320	626.35	422.05	485.44
20.3	359.44	9882.4	0.00031225	0.000368	3.578e-114	1.6918e-114	0.29676	1.6677e-10	114.35	18.354	0.58558	0.048555	4.5199e-08	1.1342e-10	0.0039937	137.2	80.758	0.0013094	376.46	0.014629	1.9723	0.99578	0.0035999	183.34	5.815	1e-05	34.93	0.087382	0.0072505	2.6421	6.0276e-321	0.69505	5.0627e-09	1.0262e-320	626.3	422.76	485.85
20.4	359.43	9881.1	0.00031232	0.00036822	9.9451e-115	4.6348e-115	0.29676	1.6677e-10	112.87	18.349	0.58537	0.048828	4.66e-08	1.153e-10	0.0039927	135.96	80.755	0.0013096	376.52	0.014712	1.9799	0.99435	0.0035928	183.6	5.815	1e-05	34.704	0.087338	0.0072472	2.6408	6.0424e-321	0.69605	5.1028e-09	1.0296e-320	626.24	423.47	486.24
20.5	359.43	9879.8	0.0003124	0.00036843	2.7643e-115	1.2697e-115	0.29676	1.6677e-10	111.41	18.344	0.58516	0.049101	4.8032e-08	1.172e-10	0.0039917	134.74	80.752	0.0013098	376.58	0.014795	1.9875	0.99292	0.0035858	183.86	5.815	1e-05	34.48	0.087295	0.0072439	2.6395	6.0572e-321	0.69705	5.1427e-09	1.0331e-320	626.18	424.17	486.63
20.6	359.42	9878.6	0.00031247	0.00036864	7.6835e-116	3.4786e-116	0.29676	1.6677e-10	109.97	18.339	0.58495	0.049374	4.9494e-08	1.1913e-10	0.0039906	133.53	80.749	0.00131	376.64	0.014878	1.995	0.9915	0.0035789	184.12	5.815	1e-05	34.259	0.087253	0.0072406	2.6382	6.0721e-321	0.69804	5.1824e-09	1.037e-320	626.12	424.87	487
20.7	359.42	9877.4	0.00031254	0.00036885	2.1357e-116	9.5298e-117	0.29676	1.6676e-10	108.56	18.334	0.58475	0.049647	5.0986e-08	1.2108e-10	0.0039896	132.34	80.746	0.0013102	376.7	0.01496	2.0025	0.9901	0.003572	184.37	5.815	1e-05	34.041	0.087211	0.0072374	2.6369	6.0869e-321	0.69903	5.2219e-09	1.04e-320	626.05	425.55	487.37
20.8	359.41	9876.3	0.00031261	0.00036905	5.9362e-117	2.6108e-117	0.29676	1.6676e-10	107.17	18.33	0.58456	0.04992	5.2509e-08	1.2306e-10	0.0039885	131.16	80.743	0.0013104	376.75	0.015041	2.0099	0.9887	0.0035652	184.61	5.815	1e-05	33.825	0.08717	0.0072342	2.6356	6.1067e-321	0.7	5.2611e-09	1.044e-320	625.98	426.23	487.73
20.9	359.41	9875.1	0.00031267	0.00036925	1.65e-117	7.1525e-118	0.29676	1.6676e-10	105.8	18.325	0.58436	0.050194	5.4062e-08	1.2506e-10	0.0039875	130	80.74	0.0013106	376.81	0.015122	2.0173	0.9873	0.0035585	184.85	5.815	1e-05	33.611	0.087129	0.0072311	2.6343	6.1215e-321	0.70097	5.3002e-09	1.0479e-320	625.9	426.9	488.08
21	359.4	9874.1	0.00031274	0.00036945	4.5862e-118	1.9595e-118	0.29675	1.6676e-10	104.45	18.32	0.58418	0.050467	5.5646e-08	1.2708e-10	0.0039864	128.86	80.737	0.0013108	376.86	0.015203	2.0245	0.98592	0.0035518	185.09	5.815	1e-05	33.401	0.087088	0.007228	2.6331	6.1363e-321	0.70193	5.339e-09	1.0514e-320	625.82	427.56	488.42
21.1	359.4	9873	0.00031281	0.00036964	1.2748e-118	5.3682e-119	0.29675	1.6676e-10	103.12	18.315	0.58399	0.050741	5.726e-08	1.2913e-10	0.0039853	127.72	80.734	0.001311	376.92	0.015282	2.0318	0.98455	0.0035452	185.32	5.815	1e-05	33.192	0.087048	0.0072249	2.6318	6.1561e-321	0.70288	5.3775e-09	1.0548e-320	625.73	428.22	488.75
21.2	359.39	9872	0.00031287	0.00036983	3.5433e-119	1.4707e-119	0.29674	1.6675e-10	101.82	18.311	0.58381	0.051015	5.8905e-08	1.312e-10	0.0039842	126.61	80.731	0.0013112	376.97	0.015361	2.0389	0.98319	0.0035387	185.55	5.815	1e-05	32.987	0.087009	0.0072219	2.6306	6.1758e-321	0.70382	5.4159e-09	1.0583e-320	625.64	428.86	489.07
21.3	359.39	9871	0.00031293	0.00037001	9.8487e-120	4.029e-120	0.29674	1.6675e-10	100.53	18.306	0.58364	0.051288	6.058e-08	1.3329e-10	0.0039831	125.51	80.728	0.0013114	377.03	0.01544	2.046	0.98183	0.0035322	185.77	5.815	1e-05	32.784	0.08697	0.0072189	2.6294	6.1906e-321	0.70476	5.4539e-09	1.0627e-320	625.55	429.5	489.39
21.4	359.38	9870	0.000313	0.00037019	2.7375e-120	1.1038e-120	0.29673	1.6675e-10	99.263	18.301	0.58346	0.051562	6.2286e-08	1.3541e-10	0.003982	124.42	80.725	0.0013116	377.08	0.015518	2.053	0.98049	0.0035258	185.99	5.815	1e-05	32.583	0.086931	0.0072159	2.6282	6.2055e-321	0.70568	5.4918e-09	1.0667e-320	625.45	430.13	489.7
21.5	359.38	9869.1	0.00031306	0.00037037	7.609e-121	3.0239e-121	0.29673	1.6674e-10	98.018	18.297	0.58329	0.051836	6.4021e-08	1.3754e-10	0.0039809	123.35	80.723	0.0013118	377.13	0.015595	2.06	0.97915	0.0035194	186.2	5.815	1e-05	32.385	0.086893	0.007213	2.627	6.2203e-321	0.7066	5.5293e-09	1.0697e-320	625.35	430.76	490
21.6	359.37	9868.2	0.00031312	0.00037055	2.1149e-121	8.2843e-122	0.29672	1.6674e-10	96.792	18.292	0.58313	0.05211	6.5787e-08	1.3971e-10	0.0039798	122.3	80.72	0.0013119	377.19	0.015672	2.0669	0.97783	0.0035131	186.41	5.815	1e-05	32.19	0.086855	0.0072101	2.6258	6.2351e-321	0.70751	5.5666e-09	1.0726e-320	625.25	431.37	490.29
21.7	359.36	9867.3	0.00031318	0.00037072	5.8786e-122	2.2696e-122	0.29671	1.6674e-10	95.586	18.288	0.58297	0.052385	6.7582e-08	1.4189e-10	0.0039786	121.26	80.717	0.0013121	377.24	0.015748	2.0737	0.97652	0.0035069	186.61	5.815	1e-05	31.997	0.086818	0.0072072	2.6247	6.2499e-321	0.70841	5.6036e-09	1.0761e-320	625.15	431.98	490.57
21.8	359.36	9866.4	0.00031324	0.00037088	1.634e-122	6.2177e-123	0.2967	1.6673e-10	94.4	18.283	0.58281	0.052659	6.9407e-08	1.441e-10	0.0039775	120.23	80.714	0.0013123	377.29	0.015823	2.0805	0.97521	0.0035007	186.81	5.815	1e-05	31.806	0.086781	0.0072044	2.6235	6.2648e-321	0.7093	5.6404e-09	1.0795e-320	625.04	432.58	490.85
21.9	359.35	9865.6	0.0003133	0.00037105	4.5417e-123	1.7034e-123	0.2967	1.6673e-10	93.233	18.279	0.58266	0.052933	7.1262e-08	1.4633e-10	0.0039763	119.22	80.712	0.0013125	377.34	0.015898	2.0872	0.97392	0.0034946	187.01	5.815	1e-05	31.618	0.086745	0.0072016	2.6224	6.2845e-321	0.71019	5.6768e-09	1.083e-320	624.93	433.17	491.12
22	359.35	9864.8	0.00031335	0.00037121	1.2624e-123	4.6666e-124	0.29669	1.6672e-10	92.085	18.274	0.58251	0.053208	7.3145e-08	1.4858e-10	0.0039752	118.22	80.709	0.0013126	377.39	0.015972	2.0938	0.97264	0.0034886	187.2	5.815	1e-05	31.433	0.086709	0.0071988	2.6213	6.2993e-321	0.71106	5.713e-09	1.086e-320	624.81	433.76	491.38
22.1	359.34	9864	0.00031341	0.00037136	3.5089e-124	1.2785e-124	0.29668	1.6672e-10	90.956	18.27	0.58236	0.053483	7.5056e-08	1.5086e-10	0.0039741	117.24	80.706	0.0013128	377.44	0.016046	2.1004	0.97136	0.0034826	187.39	5.815	1e-05	31.25	0.086674	0.0071961	2.6202	6.3142e-321	0.71193	5.7489e-09	1.0889e-320	624.7	434.34	491.64
22.2	359.33	9863.3	0.00031346	0.00037152	9.7531e-125	3.5024e-125	0.29667	1.6671e-10	89.845	18.265	0.58221	0.053757	7.6996e-08	1.5316e-10	0.0039729	116.27	80.704	0.001313	377.49	0.016118	2.1069	0.9701	0.0034767	187.57	5.815	1e-05	31.069	0.086639	0.0071934	2.6191	6.329e-321	0.71278	5.7844e-09	1.0919e-320	624.58	434.91	491.89
22.3	359.33	9862.6	0.00031352	0.00037167	2.7109e-125	9.5952e-126	0.29666	1.6671e-10	88.753	18.261	0.58207	0.054032	7.8963e-08	1.5548e-10	0.0039718	115.32	80.701	0.0013132	377.53	0.01619	2.1133	0.96885	0.0034709	187.75	5.815	1e-05	30.891	0.086605	0.0071907	2.6181	6.3438e-321	0.71363	5.8197e-09	1.0953e-320	624.46	435.47	492.13
22.4	359.32	9861.9	0.00031357	0.00037181	7.5352e-126	2.6287e-126	0.29665	1.667e-10	87.68	18.257	0.58194	0.054307	8.0958e-08	1.5782e-10	0.0039706	114.38	80.699	0.0013133	377.58	0.016262	2.1197	0.96762	0.0034651	187.93	5.815	1e-05	30.716	0.086571	0.0071881	2.617	6.3537e-321	0.71447	5.8546e-09	1.0988e-320	624.34	436.02	492.37
22.5	359.32	9861.2	0.00031362	0.00037196	2.0944e-126	7.2016e-127	0.29664	1.667e-10	86.624	18.253	0.5818	0.054582	8.298e-08	1.6018e-10	0.0039695	113.45	80.696	0.0013135	377.63	0.016332	2.126	0.96639	0.0034594	188.1	5.815	1e-05	30.542	0.086537	0.0071855	2.616	6.3685e-321	0.7153	5.8893e-09	1.1023e-320	624.21	436.57	492.6
22.6	359.31	9860.5	0.00031367	0.0003721	5.8216e-127	1.9729e-127	0.29663	1.6669e-10	85.587	18.249	0.58167	0.054857	8.5027e-08	1.6256e-10	0.0039683	112.54	80.694	0.0013136	377.68	0.016402	2.1322	0.96517	0.0034538	188.27	5.815	1e-05	30.372	0.086504	0.007183	2.615	6.3734e-321	0.71612	5.9236e-09	1.1057e-320	624.09	437.11	492.82
22.7	359.3	9859.9	0.00031373	0.00037223	1.6181e-127	5.405e-128	0.29662	1.6668e-10	84.567	18.244	0.58154	0.055132	8.71e-08	1.6497e-10	0.0039672	111.64	80.691	0.0013138	377.72	0.016472	2.1383	0.96397	0.0034482	188.44	5.815	1e-05	30.203	0.086472	0.0071804	2.614	6.3833e-321	0.71694	5.9576e-09	1.1092e-320	623.96	437.65	493.04
22.8	359.3	9859.3	0.00031377	0.00037237	4.4977e-128	1.4808e-128	0.29661	1.6668e-10	83.565	18.24	0.58142	0.055407	8.9199e-08	1.6739e-10	0.003966	110.75	80.689	0.001314	377.77	0.01654	2.1444	0.96278	0.0034427	188.6	5.815	1e-05	30.037	0.086439	0.007178	2.613	6.3932e-321	0.71774	5.9912e-09	1.1131e-320	623.83	438.17	493.25
22.9	359.29	9858.7	0.00031382	0.0003725	1.2502e-128	4.0567e-129	0.2966	1.6667e-10	82.58	18.236	0.5813	0.055682	9.1321e-08	1.6983e-10	0.0039649	109.88	80.687	0.0013141	377.81	0.016608	2.1504	0.9616	0.0034373	188.75	5.815	1e-05	29.874	0.086408	0.0071755	2.612	6.4031e-321	0.71853	6.0246e-09	1.1166e-320	623.7	438.69	493.46
23	359.28	9858.1	0.00031387	0.00037263	3.4749e-129	1.1114e-129	0.29658	1.6667e-10	81.613	18.232	0.58118	0.055958	9.3467e-08	1.723e-10	0.0039637	109.03	80.684	0.0013143	377.86	0.016675	2.1564	0.96043	0.0034319	188.91	5.815	1e-05	29.713	0.086376	0.0071731	2.611	6.413e-321	0.71932	6.0575e-09	1.1205e-320	623.57	439.2	493.66
23.1	359.28	9857.6	0.00031392	0.00037275	9.6585e-130	3.0447e-130	0.29657	1.6666e-10	80.662	18.228	0.58106	0.056233	9.5636e-08	1.7478e-10	0.0039626	108.18	80.682	0.0013144	377.9	0.016741	2.1622	0.95928	0.0034266	189.06	5.815	1e-05	29.554	0.086346	0.0071707	2.6101	6.4327e-321	0.72009	6.0902e-09	1.124e-320	623.44	439.7	493.85
23.2	359.27	9857.1	0.00031396	0.00037287	2.6846e-130	8.3412e-131	0.29656	1.6665e-10	79.729	18.224	0.58095	0.056509	9.7827e-08	1.7728e-10	0.0039614	107.35	80.68	0.0013146	377.94	0.016807	2.168	0.95814	0.0034214	189.21	5.815	1e-05	29.398	0.086315	0.0071684	2.6091	6.4476e-321	0.72086	6.1224e-09	1.127e-320	623.31	440.2	494.04
23.3	359.26	9856.6	0.00031401	0.00037299	7.4621e-131	2.2851e-131	0.29655	1.6665e-10	78.812	18.221	0.58084	0.056784	1.0004e-07	1.798e-10	0.0039603	106.54	80.678	0.0013147	377.98	0.016872	2.1737	0.95701	0.0034162	189.35	5.815	1e-05	29.244	0.086286	0.007166	2.6082	6.4624e-321	0.72161	6.1543e-09	1.1299e-320	623.18	440.69	494.23
23.4	359.26	9856.1	0.00031405	0.00037311	2.0741e-131	6.2603e-132	0.29654	1.6664e-10	77.912	18.217	0.58073	0.05706	1.0227e-07	1.8233e-10	0.0039592	105.73	80.675	0.0013149	378.03	0.016936	2.1794	0.95589	0.0034111	189.49	5.815	1e-05	29.093	0.086256	0.0071638	2.6073	6.4772e-321	0.72236	6.1859e-09	1.1339e-320	623.04	441.17	494.41
23.5	359.25	9855.6	0.0003141	0.00037322	5.7651e-132	1.7151e-132	0.29653	1.6663e-10	77.029	18.213	0.58062	0.057336	1.0452e-07	1.8488e-10	0.003958	104.94	80.673	0.001315	378.07	0.016999	2.185	0.95479	0.0034061	189.63	5.815	1e-05	28.943	0.086227	0.0071615	2.6064	6.4871e-321	0.72309	6.2171e-09	1.1368e-320	622.91	441.65	494.58
23.6	359.24	9855.2	0.00031414	0.00037333	1.6024e-132	4.6986e-133	0.29651	1.6663e-10	76.161	18.209	0.58052	0.057612	1.0679e-07	1.8745e-10	0.0039569	104.17	80.671	0.0013152	378.11	0.017061	2.1905	0.9537	0.0034011	189.76	5.815	1e-05	28.797	0.086199	0.0071593	2.6055	6.5019e-321	0.72382	6.2479e-09	1.1398e-320	622.77	442.11	494.75
23.7	359.24	9854.8	0.00031418	0.00037344	4.4541e-133	1.2872e-133	0.2965	1.6662e-10	75.31	18.205	0.58042	0.057888	1.0908e-07	1.9004e-10	0.0039558	103.4	80.669	0.0013153	378.15	0.017123	2.1959	0.95262	0.0033962	189.89	5.815	1e-05	28.652	0.086171	0.0071571	2.6046	6.5068e-321	0.72454	6.2783e-09	1.1428e-320	622.63	442.57	494.91
23.8	359.23	9854.3	0.00031422	0.00037354	1.238e-133	3.5265e-134	0.29649	1.6661e-10	74.475	18.202	0.58032	0.058164	1.1139e-07	1.9264e-10	0.0039547	102.65	80.667	0.0013154	378.19	0.017184	2.2012	0.95156	0.0033914	190.02	5.815	1e-05	28.51	0.086143	0.007155	2.6038	6.5217e-321	0.72524	6.3084e-09	1.1452e-320	622.5	443.03	495.07
23.9	359.23	9854	0.00031426	0.00037364	3.4412e-134	9.6611e-135	0.29648	1.6661e-10	73.656	18.198	0.58023	0.05844	1.137e-07	1.9525e-10	0.0039536	101.92	80.665	0.0013156	378.23	0.017244	2.2065	0.95051	0.0033866	190.15	5.815	1e-05	28.37	0.086116	0.0071529	2.6029	6.5365e-321	0.72594	6.3381e-09	1.1487e-320	622.36	443.47	495.23
24	359.22	9853.6	0.0003143	0.00037374	9.5648e-135	2.6467e-135	0.29646	1.666e-10	72.852	18.195	0.58014	0.058716	1.1604e-07	1.9788e-10	0.0039525	101.19	80.663	0.0013157	378.26	0.017303	2.2117	0.94947	0.0033819	190.27	5.815	1e-05	28.233	0.086089	0.0071508	2.6021	6.5464e-321	0.72663	6.3674e-09	1.1512e-320	622.23	443.91	495.38
24.1	359.21	9853.2	0.00031434	0.00037384	2.6586e-135	7.251e-136	0.29645	1.6659e-10	72.064	18.191	0.58005	0.058992	1.1838e-07	2.0052e-10	0.0039514	100.48	80.661	0.0013158	378.3	0.017362	2.2168	0.94845	0.0033773	190.39	5.815	1e-05	28.098	0.086063	0.0071487	2.6013	6.5563e-321	0.72731	6.3963e-09	1.1536e-320	622.09	444.34	495.52
24.2	359.21	9852.9	0.00031437	0.00037393	7.3897e-136	1.9865e-136	0.29644	1.6658e-10	71.292	18.188	0.57996	0.059268	1.2074e-07	2.0317e-10	0.0039504	99.784	80.659	0.001316	378.34	0.01742	2.2219	0.94744	0.0033727	190.5	5.815	1e-05	27.965	0.086037	0.0071467	2.6005	6.5711e-321	0.72797	6.4247e-09	1.1571e-320	621.95	444.76	495.67
24.3	359.2	9852.5	0.00031441	0.00037403	2.054e-136	5.4421e-137	0.29643	1.6658e-10	70.535	18.184	0.57987	0.059545	1.2311e-07	2.0584e-10	0.0039493	99.099	80.657	0.0013161	378.38	0.017476	2.2269	0.94645	0.0033683	190.62	5.815	1e-05	27.835	0.086011	0.0071448	2.5997	6.5859e-321	0.72863	6.4528e-09	1.1601e-320	621.82	445.18	495.8
24.4	359.19	9852.2	0.00031445	0.00037412	5.7092e-137	1.4909e-137	0.29641	1.6657e-10	69.793	18.181	0.57979	0.059821	1.2549e-07	2.0851e-10	0.0039482	98.426	80.655	0.0013162	378.41	0.017532	2.2318	0.94546	0.0033638	190.73	5.815	1e-05	27.707	0.085987	0.0071428	2.5989	6.6007e-321	0.72928	6.4805e-09	1.164e-320	621.68	445.59	495.94
24.5	359.19	9851.9	0.00031448	0.0003742	1.5869e-137	4.0845e-138	0.2964	1.6656e-10	69.066	18.178	0.57971	0.060097	1.2787e-07	2.112e-10	0.0039472	97.766	80.653	0.0013163	378.45	0.017588	2.2366	0.9445	0.0033595	190.84	5.815	1e-05	27.581	0.085962	0.0071409	2.5982	6.6155e-321	0.72991	6.5078e-09	1.167e-320	621.55	445.99	496.07
24.6	359.18	9851.6	0.00031451	0.00037429	4.4109e-138	1.119e-138	0.29639	1.6656e-10	68.354	18.174	0.57963	0.060374	1.3026e-07	2.1389e-10	0.0039462	97.119	80.651	0.0013165	378.48	0.017642	2.2413	0.94355	0.0033552	190.94	5.815	1e-05	27.458	0.085938	0.007139	2.5974	6.6304e-321	0.73054	6.5346e-09	1.1695e-320	621.41	446.38	496.19
24.7	359.18	9851.3	0.00031455	0.00037437	1.226e-138	3.0656e-139	0.29638	1.6655e-10	67.657	18.171	0.57955	0.060651	1.3266e-07	2.1659e-10	0.0039451	96.485	80.65	0.0013166	378.52	0.017695	2.246	0.94261	0.003351	191.04	5.815	1e-05	27.337	0.085914	0.0071372	2.5967	6.6452e-321	0.73115	6.5611e-09	1.1729e-320	621.28	446.77	496.31
24.8	359.17	9851.1	0.00031458	0.00037445	3.4078e-139	8.3984e-140	0.29637	1.6654e-10	66.975	18.168	0.57948	0.060927	1.3506e-07	2.193e-10	0.0039441	95.863	80.648	0.0013167	378.55	0.017748	2.2505	0.94169	0.0033469	191.14	5.815	1e-05	27.218	0.085891	0.0071354	2.596	6.6551e-321	0.73176	6.5871e-09	1.1759e-320	621.15	447.15	496.43
24.9	359.16	9850.8	0.00031461	0.00037453	9.4721e-140	2.3008e-140	0.29635	1.6654e-10	66.308	18.165	0.57941	0.061204	1.3746e-07	2.2202e-10	0.0039431	95.254	80.646	0.0013168	378.58	0.0178	2.255	0.94078	0.0033428	191.24	5.815	1e-05	27.101	0.085868	0.0071336	2.5953	6.6699e-321	0.73236	6.6127e-09	1.1783e-320	621.02	447.52	496.54
25	359.16	9850.6	0.00031464	0.0003746	2.6328e-140	6.3033e-141	0.29634	1.6653e-10	65.655	18.162	0.57934	0.061481	1.3986e-07	2.2473e-10	0.0039421	94.657	80.644	0.0013169	378.61	0.01785	2.2595	0.93989	0.0033388	191.33	5.815	1e-05	26.987	0.085846	0.0071319	2.5946	6.6847e-321	0.73294	6.6378e-09	1.1808e-320	620.89	447.89	496.66
25.1	359.15	9850.4	0.00031467	0.00037467	7.318e-141	1.7268e-141	0.29633	1.6652e-10	65.016	18.159	0.57927	0.061758	1.4227e-07	2.2746e-10	0.0039412	94.073	80.643	0.001317	378.65	0.0179	2.2638	0.93901	0.0033349	191.43	5.815	1e-05	26.875	0.085824	0.0071302	2.5939	6.6995e-321	0.73351	6.6625e-09	1.1828e-320	620.76	448.25	496.76
25.2	359.15	9850.1	0.0003147	0.00037474	2.0341e-141	4.7308e-142	0.29632	1.6652e-10	64.392	18.156	0.5792	0.062035	1.4466e-07	2.3018e-10	0.0039402	93.501	80.641	0.0013171	378.68	0.017949	2.2681	0.93815	0.0033311	191.52	5.815	1e-05	26.766	0.085803	0.0071285	2.5933	6.7144e-321	0.73408	6.6868e-09	1.1848e-320	620.63	448.6	496.87
25.3	359.14	9849.9	0.00031473	0.00037481	5.6538e-142	1.2961e-142	0.2963	1.6651e-10	63.782	18.153	0.57914	0.062312	1.4706e-07	2.3291e-10	0.0039393	92.941	80.64	0.0013172	378.71	0.017998	2.2723	0.93731	0.0033273	191.6	5.815	1e-05	26.658	0.085782	0.0071269	2.5926	6.7292e-321	0.73463	6.7107e-09	1.1872e-320	620.5	448.94	496.97
25.4	359.13	9849.7	0.00031476	0.00037488	1.5715e-142	3.5507e-143	0.29629	1.665e-10	63.186	18.15	0.57907	0.062589	1.4944e-07	2.3564e-10	0.0039383	92.394	80.638	0.0013173	378.74	0.018045	2.2764	0.93648	0.0033236	191.69	5.815	1e-05	26.553	0.085761	0.0071253	2.592	6.7341e-321	0.73517	6.734e-09	1.1897e-320	620.37	449.28	497.06
25.5	359.13	9849.6	0.00031479	0.00037494	4.3681e-143	9.7274e-144	0.29628	1.665e-10	62.604	18.148	0.57901	0.062866	1.5182e-07	2.3836e-10	0.0039374	91.859	80.636	0.0013174	378.77	0.018091	2.2804	0.93566	0.00332	191.77	5.815	1e-05	26.45	0.085741	0.0071237	2.5914	6.744e-321	0.7357	6.757e-09	1.1917e-320	620.25	449.61	497.16
25.6	359.12	9849.4	0.00031481	0.00037501	1.2141e-143	2.6649e-144	0.29627	1.6649e-10	62.036	18.145	0.57895	0.063143	1.5419e-07	2.4109e-10	0.0039365	91.336	80.635	0.0013175	378.79	0.018137	2.2843	0.93486	0.0033164	191.85	5.815	1e-05	26.35	0.085722	0.0071222	2.5908	6.7539e-321	0.73622	6.7795e-09	1.1937e-320	620.13	449.93	497.25
25.7	359.12	9849.2	0.00031484	0.00037507	3.3747e-144	7.3007e-145	0.29626	1.6648e-10	61.482	18.142	0.5789	0.06342	1.5655e-07	2.4381e-10	0.0039356	90.825	80.634	0.0013176	378.82	0.018181	2.2882	0.93408	0.0033129	191.93	5.815	1e-05	26.252	0.085702	0.0071207	2.5902	6.7638e-321	0.73673	6.8015e-09	1.1956e-320	620	450.25	497.34
25.8	359.11	9849.1	0.00031486	0.00037513	9.3802e-145	2.0001e-145	0.29625	1.6648e-10	60.942	18.14	0.57884	0.063697	1.589e-07	2.4652e-10	0.0039347	90.327	80.632	0.0013177	378.85	0.018225	2.2919	0.93331	0.0033095	192	5.815	1e-05	26.156	0.085684	0.0071192	2.5896	6.7786e-321	0.73723	6.8231e-09	1.1971e-320	619.88	450.56	497.42
25.9	359.11	9848.9	0.00031489	0.00037518	2.6073e-145	5.4795e-146	0.29624	1.6647e-10	60.415	18.137	0.57879	0.063975	1.6123e-07	2.4923e-10	0.0039339	89.84	80.631	0.0013178	378.88	0.018268	2.2956	0.93256	0.0033062	192.08	5.815	1e-05	26.062	0.085665	0.0071178	2.589	6.7835e-321	0.73772	6.8442e-09	1.1986e-320	619.77	450.86	497.5
26	359.1	9848.8	0.00031491	0.00037524	7.247e-146	1.5012e-146	0.29622	1.6646e-10	59.902	18.134	0.57874	0.064252	1.6354e-07	2.5193e-10	0.003933	89.366	80.629	0.0013179	378.9	0.018309	2.2992	0.93183	0.0033029	192.15	5.815	1e-05	25.971	0.085647	0.0071164	2.5885	6.7934e-321	0.7382	6.8649e-09	1.2006e-320	619.65	451.15	497.58
26.1	359.1	9848.6	0.00031493	0.00037529	2.0143e-146	4.1125e-147	0.29621	1.6646e-10	59.402	18.132	0.57869	0.06453	1.6584e-07	2.5463e-10	0.0039322	88.904	80.628	0.001318	378.93	0.01835	2.3028	0.93111	0.0032997	192.22	5.815	1e-05	25.881	0.08563	0.007115	2.5879	6.8033e-321	0.73866	6.885e-09	1.2021e-320	619.53	451.44	497.66
26.2	359.09	9848.5	0.00031496	0.00037534	5.599e-147	1.1267e-147	0.2962	1.6645e-10	58.916	18.13	0.57864	0.064807	1.6811e-07	2.5731e-10	0.0039314	88.453	80.627	0.0013181	378.95	0.01839	2.3062	0.93041	0.0032966	192.28	5.815	1e-05	25.794	0.085613	0.0071137	2.5874	6.8082e-321	0.73912	6.9048e-09	1.204e-320	619.42	451.72	497.73
26.3	359.09	9848.4	0.00031498	0.00037539	1.5563e-147	3.0866e-148	0.29619	1.6645e-10	58.443	18.127	0.57859	0.065085	1.7036e-07	2.5999e-10	0.0039306	88.015	80.625	0.0013182	378.98	0.018429	2.3096	0.92972	0.0032936	192.35	5.815	1e-05	25.71	0.085596	0.0071124	2.5869	6.823e-321	0.73956	6.924e-09	1.206e-320	619.31	451.99	497.8
26.4	359.08	9848.3	0.000315	0.00037544	4.3257e-148	8.456e-149	0.29618	1.6644e-10	57.984	18.125	0.57854	0.065362	1.7259e-07	2.6265e-10	0.0039298	87.588	80.624	0.0013183	379	0.018467	2.3128	0.92906	0.0032907	192.41	5.815	1e-05	25.627	0.08558	0.0071111	2.5864	6.8329e-321	0.73999	6.9428e-09	1.208e-320	619.2	452.26	497.87
26.5	359.08	9848.2	0.00031502	0.00037548	1.2023e-148	2.3166e-149	0.29617	1.6643e-10	57.538	18.123	0.5785	0.06564	1.7479e-07	2.6529e-10	0.003929	87.174	80.623	0.0013183	379.02	0.018504	2.316	0.9284	0.0032878	192.47	5.815	1e-05	25.547	0.085564	0.0071099	2.5859	6.8379e-321	0.74042	6.961e-09	1.2095e-320	619.09	452.52	497.94
26.6	359.07	9848.1	0.00031504	0.00037553	3.342e-149	6.3466e-150	0.29616	1.6643e-10	57.105	18.121	0.57846	0.065918	1.7696e-07	2.6792e-10	0.0039283	86.771	80.622	0.0013184	379.05	0.01854	2.3191	0.92777	0.003285	192.53	5.815	1e-05	25.469	0.085549	0.0071087	2.5854	6.8477e-321	0.74083	6.9788e-09	1.2114e-320	618.99	452.77	498
26.7	359.07	9848	0.00031506	0.00037557	9.2892e-150	1.7387e-150	0.29615	1.6642e-10	56.685	18.119	0.57842	0.066196	1.791e-07	2.7053e-10	0.0039276	86.38	80.621	0.0013185	379.07	0.018575	2.3221	0.92715	0.0032823	192.58	5.815	1e-05	25.393	0.085534	0.0071076	2.585	6.8576e-321	0.74122	6.9961e-09	1.2129e-320	618.89	453.01	498.06
26.8	359.06	9847.9	0.00031508	0.00037561	2.582e-150	4.7633e-151	0.29614	1.6642e-10	56.278	18.117	0.57838	0.066474	1.8121e-07	2.7313e-10	0.0039269	86.001	80.62	0.0013186	379.09	0.018609	2.3251	0.92655	0.0032796	192.64	5.815	1e-05	25.32	0.08552	0.0071064	2.5845	6.8725e-321	0.74161	7.013e-09	1.2144e-320	618.79	453.25	498.12
26.9	359.06	9847.8	0.00031509	0.00037565	7.1767e-151	1.305e-151	0.29613	1.6641e-10	55.884	18.115	0.57834	0.066751	1.8329e-07	2.757e-10	0.0039262	85.634	80.618	0.0013186	379.11	0.018642	2.3279	0.92597	0.003277	192.69	5.815	1e-05	25.249	0.085506	0.0071053	2.5841	6.8873e-321	0.74199	7.0293e-09	1.2154e-320	618.69	453.48	498.18
27	359.05	9847.8	0.00031511	0.00037569	1.9948e-151	3.575e-152	0.29613	1.6641e-10	55.503	18.113	0.5783	0.067029	1.8533e-07	2.7825e-10	0.0039255	85.278	80.617	0.0013187	379.13	0.018674	2.3307	0.9254	0.0032745	192.74	5.815	1e-05	25.18	0.085492	0.0071043	2.5837	6.8922e-321	0.74235	7.0451e-09	1.2169e-320	618.6	453.7	498.23
27.1	359.05	9847.7	0.00031513	0.00037572	5.5447e-152	9.7941e-153	0.29612	1.664e-10	55.135	18.111	0.57827	0.067307	1.8733e-07	2.8078e-10	0.0039248	84.934	80.616	0.0013188	379.15	0.018705	2.3334	0.92485	0.0032721	192.79	5.815	1e-05	25.113	0.085479	0.0071033	2.5833	6.8922e-321	0.74271	7.0605e-09	1.2189e-320	618.5	453.92	498.28
27.2	359.05	9847.6	0.00031514	0.00037576	1.5412e-152	2.6832e-153	0.29611	1.664e-10	54.78	18.109	0.57823	0.067586	1.8929e-07	2.8328e-10	0.0039242	84.602	80.615	0.0013188	379.17	0.018736	2.3359	0.92432	0.0032698	192.84	5.815	1e-05	25.049	0.085467	0.0071023	2.5829	6.8922e-321	0.74305	7.0753e-09	1.2203e-320	618.41	454.12	498.33
27.3	359.04	9847.6	0.00031516	0.00037579	4.2837e-153	7.3508e-154	0.2961	1.6639e-10	54.437	18.107	0.5782	0.067864	1.912e-07	2.8575e-10	0.0039236	84.282	80.614	0.0013189	379.19	0.018765	2.3384	0.92381	0.0032675	192.88	5.815	1e-05	24.987	0.085455	0.0071013	2.5825	6.8922e-321	0.74338	7.0897e-09	1.2213e-320	618.33	454.33	498.38
27.4	359.04	9847.5	0.00031517	0.00037582	1.1907e-153	2.0138e-154	0.29609	1.6639e-10	54.107	18.106	0.57817	0.068142	1.9307e-07	2.882e-10	0.003923	83.973	80.614	0.001319	379.2	0.018793	2.3409	0.92331	0.0032654	192.93	5.815	1e-05	24.927	0.085443	0.0071004	2.5821	6.8922e-321	0.7437	7.1035e-09	1.2223e-320	618.24	454.52	498.43
27.5	359.04	9847.4	0.00031519	0.00037585	3.3096e-154	5.5171e-155	0.29608	1.6639e-10	53.79	18.104	0.57814	0.06842	1.949e-07	2.9062e-10	0.0039224	83.676	80.613	0.001319	379.22	0.01882	2.3432	0.92284	0.0032633	192.97	5.815	1e-05	24.869	0.085431	0.0070995	2.5818	6.9021e-321	0.744	7.1169e-09	1.2233e-320	618.16	454.71	498.47
27.6	359.03	9847.4	0.0003152	0.00037588	9.1991e-155	1.5115e-155	0.29608	1.6638e-10	53.486	18.102	0.57811	0.068698	1.9668e-07	2.93e-10	0.0039219	83.391	80.612	0.0013191	379.24	0.018846	2.3454	0.92238	0.0032613	193.01	5.815	1e-05	24.813	0.085421	0.0070987	2.5815	6.912e-321	0.7443	7.1297e-09	1.2243e-320	618.08	454.89	498.51
27.7	359.03	9847.4	0.00031521	0.00037591	2.5569e-155	4.1408e-156	0.29607	1.6638e-10	53.194	18.101	0.57809	0.068977	1.984e-07	2.9536e-10	0.0039213	83.118	80.611	0.0013191	379.25	0.018871	2.3476	0.92193	0.0032593	193.05	5.815	1e-05	24.76	0.08541	0.0070978	2.5811	6.9219e-321	0.74458	7.1421e-09	1.2253e-320	618	455.06	498.55
27.8	359.03	9847.3	0.00031523	0.00037594	7.1071e-156	1.1344e-156	0.29606	1.6637e-10	52.915	18.099	0.57806	0.069255	2.0008e-07	2.9768e-10	0.0039208	82.856	80.61	0.0013192	379.27	0.018895	2.3496	0.92151	0.0032575	193.08	5.815	1e-05	24.709	0.0854	0.0070971	2.5808	6.9268e-321	0.74486	7.1539e-09	1.2258e-320	617.93	455.22	498.59
27.9	359.02	9847.3	0.00031524	0.00037596	1.9755e-156	3.1078e-157	0.29606	1.6637e-10	52.648	18.098	0.57804	0.069533	2.0169e-07	2.9996e-10	0.0039203	82.605	80.61	0.0013192	379.28	0.018918	2.3516	0.9211	0.0032557	193.12	5.815	1e-05	24.661	0.085391	0.0070963	2.5805	6.9367e-321	0.74512	7.1652e-09	1.2273e-320	617.86	455.38	498.63
28	359.02	9847.2	0.00031525	0.00037598	5.4909e-157	8.5141e-158	0.29605	1.6637e-10	52.394	18.097	0.57801	0.069812	2.0326e-07	3.022e-10	0.0039199	82.366	80.609	0.0013193	379.29	0.01894	2.3535	0.92072	0.003254	193.15	5.815	1e-05	24.614	0.085381	0.0070956	2.5802	6.9416e-321	0.74537	7.176e-09	1.2282e-320	617.79	455.53	498.66
28.1	359.02	9847.2	0.00031526	0.00037601	1.5262e-157	2.3325e-158	0.29604	1.6636e-10	52.152	18.095	0.57799	0.07009	2.0476e-07	3.0441e-10	0.0039194	82.139	80.608	0.0013193	379.31	0.018961	2.3553	0.92035	0.0032524	193.18	5.815	1e-05	24.57	0.085373	0.0070949	2.58	6.9416e-321	0.7456	7.1863e-09	1.2297e-320	617.73	455.67	498.69
28.2	359.01	9847.2	0.00031527	0.00037603	4.2422e-158	6.3901e-159	0.29604	1.6636e-10	51.923	18.094	0.57797	0.070369	2.062e-07	3.0657e-10	0.003919	81.924	80.608	0.0013194	379.32	0.018981	2.357	0.92	0.0032508	193.21	5.815	1e-05	24.528	0.085365	0.0070943	2.5797	6.9416e-321	0.74583	7.196e-09	1.2312e-320	617.67	455.81	498.72
28.3	359.01	9847.2	0.00031528	0.00037605	1.1791e-158	1.7506e-159	0.29603	1.6636e-10	51.706	18.093	0.57795	0.070648	2.0758e-07	3.0869e-10	0.0039186	81.72	80.607	0.0013194	379.33	0.019	2.3586	0.91966	0.0032494	193.24	5.815	1e-05	24.488	0.085357	0.0070937	2.5795	6.9466e-321	0.74604	7.2053e-09	1.2322e-320	617.61	455.94	498.75
28.4	359.01	9847.1	0.00031529	0.00037607	3.2775e-159	4.796e-160	0.29603	1.6635e-10	51.502	18.092	0.57793	0.070926	2.089e-07	3.1077e-10	0.0039182	81.528	80.606	0.0013194	379.34	0.019018	2.3601	0.91935	0.003248	193.27	5.815	1e-05	24.451	0.085349	0.0070931	2.5793	6.9515e-321	0.74624	7.214e-09	1.2327e-320	617.55	456.06	498.78
28.5	359.01	9847.1	0.0003153	0.00037608	9.1099e-160	1.3139e-160	0.29602	1.6635e-10	51.31	18.091	0.57792	0.071205	2.1015e-07	3.128e-10	0.0039178	81.347	80.606	0.0013195	379.35	0.019035	2.3615	0.91905	0.0032467	193.29	5.815	1e-05	24.415	0.085343	0.0070925	2.579	6.9614e-321	0.74643	7.2222e-09	1.2342e-320	617.5	456.17	498.8
28.6	359	9847.1	0.0003153	0.0003761	2.5321e-160	3.5996e-161	0.29602	1.6635e-10	51.13	18.09	0.5779	0.071484	2.1133e-07	3.1478e-10	0.0039175	81.178	80.605	0.0013195	379.36	0.01905	2.3629	0.91878	0.0032455	193.31	5.815	1e-05	24.382	0.085336	0.007092	2.5788	6.9713e-321	0.74661	7.2299e-09	1.2352e-320	617.45	456.28	498.83
28.7	359	9847.1	0.00031531	0.00037611	7.0382e-161	9.8613e-162	0.29601	1.6635e-10	50.963	18.089	0.57789	0.071763	2.1244e-07	3.1672e-10	0.0039172	81.02	80.605	0.0013195	379.37	0.019065	2.3641	0.91852	0.0032444	193.33	5.815	1e-05	24.352	0.08533	0.0070916	2.5787	6.9762e-321	0.74677	7.237e-09	1.2362e-320	617.41	456.38	498.85
28.8	359	9847.1	0.00031532	0.00037613	1.9563e-161	2.7016e-162	0.29601	1.6634e-10	50.808	18.088	0.57787	0.072041	2.1348e-07	3.1861e-10	0.0039169	80.874	80.604	0.0013196	379.38	0.019079	2.3653	0.91828	0.0032433	193.35	5.815	1e-05	24.323	0.085325	0.0070911	2.5785	6.9811e-321	0.74693	7.2437e-09	1.2366e-320	617.36	456.47	498.87
28.9	359	9847	0.00031532	0.00037614	5.4376e-162	7.4013e-163	0.29601	1.6634e-10	50.666	18.088	0.57786	0.07232	2.1445e-07	3.2044e-10	0.0039166	80.74	80.604	0.0013196	379.39	0.019091	2.3664	0.91806	0.0032424	193.37	5.815	1e-05	24.297	0.085319	0.0070907	2.5783	6.9811e-321	0.74707	7.2498e-09	1.2376e-320	617.33	456.56	498.89
29	359	9847	0.00031533	0.00037615	1.5114e-162	2.0277e-163	0.296	1.6634e-10	50.536	18.087	0.57785	0.072599	2.1534e-07	3.2223e-10	0.0039164	80.617	80.604	0.0013196	379.39	0.019103	2.3673	0.91786	0.0032415	193.39	5.815	1e-05	24.273	0.085315	0.0070904	2.5782	6.9811e-321	0.7472	7.2554e-09	1.2391e-320	617.29	456.63	498.9
29.1	359	9847	0.00031533	0.00037616	4.201e-163	5.5549e-164	0.296	1.6634e-10	50.418	18.086	0.57784	0.072878	2.1615e-07	3.2396e-10	0.0039161	80.506	80.603	0.0013196	379.4	0.019113	2.3682	0.91767	0.0032407	193.4	5.815	1e-05	24.251	0.08531	0.00709	2.578	6.9811e-321	0.74731	7.2604e-09	1.2396e-320	617.26	456.7	498.92
29.2	358.99	9847	0.00031534	0.00037617	1.1677e-163	1.5218e-164	0.296	1.6634e-10	50.313	18.086	0.57783	0.073157	2.1689e-07	3.2563e-10	0.0039159	80.407	80.603	0.0013197	379.41	0.019122	2.369	0.91751	0.00324	193.42	5.815	1e-05	24.232	0.085307	0.0070897	2.5779	6.9811e-321	0.74742	7.2649e-09	1.2396e-320	617.23	456.77	498.93
29.3	358.99	9847	0.00031534	0.00037618	3.2457e-164	4.1692e-165	0.29599	1.6633e-10	50.22	18.085	0.57782	0.073436	2.1754e-07	3.2725e-10	0.0039158	80.319	80.603	0.0013197	379.41	0.019131	2.3697	0.91737	0.0032394	193.43	5.815	1e-05	24.215	0.085303	0.0070895	2.5778	6.9811e-321	0.74751	7.2689e-09	1.2396e-320	617.2	456.82	498.94
29.4	358.99	9847	0.00031535	0.00037619	9.0215e-165	1.1422e-165	0.29599	1.6633e-10	50.139	18.085	0.57781	0.073715	2.1811e-07	3.2881e-10	0.0039156	80.243	80.603	0.0013197	379.41	0.019138	2.3703	0.91724	0.0032388	193.44	5.815	1e-05	24.2	0.0853	0.0070892	2.5777	6.9811e-321	0.74759	7.2724e-09	1.2396e-320	617.18	456.87	498.95
29.5	358.99	9847	0.00031535	0.00037619	2.5076e-165	3.1291e-166	0.29599	1.6633e-10	50.071	18.085	0.57781	0.073995	2.186e-07	3.3031e-10	0.0039155	80.178	80.602	0.0013197	379.42	0.019144	2.3708	0.91713	0.0032384	193.45	5.815	1e-05	24.187	0.085298	0.0070891	2.5777	6.9811e-321	0.74766	7.2753e-09	1.2396e-320	617.16	456.91	498.96
29.6	358.99	9847	0.00031535	0.0003762	6.9702e-166	8.5728e-167	0.29599	1.6633e-10	50.015	18.084	0.5778	0.074274	2.19e-07	3.3175e-10	0.0039154	80.125	80.602	0.0013197	379.42	0.019149	2.3713	0.91705	0.003238	193.46	5.815	1e-05	24.177	0.085296	0.0070889	2.5776	6.9811e-321	0.74771	7.2777e-09	1.2406e-320	617.14	456.95	498.97
29.7	358.99	9847	0.00031535	0.0003762	1.9382e-166	2.3495e-167	0.29599	1.6633e-10	49.971	18.084	0.5778	0.074553	2.1931e-07	3.3311e-10	0.0039153	80.084	80.602	0.0013197	379.42	0.019153	2.3716	0.91698	0.0032377	193.46	5.815	1e-05	24.169	0.085294	0.0070888	2.5776	6.9811e-321	0.74776	7.2796e-09	1.2411e-320	617.13	456.97	498.98
29.8	358.99	9847	0.00031535	0.0003762	5.417e-167	6.4702e-168	0.29599	1.6633e-10	49.94	18.084	0.5778	0.074832	2.1954e-07	3.3438e-10	0.0039152	80.055	80.602	0.0013197	379.43	0.019155	2.3718	0.91693	0.0032375	193.46	5.815	1e-05	24.163	0.085293	0.0070887	2.5775	6.9811e-321	0.74779	7.2809e-09	1.2416e-320	617.12	456.99	498.98
29.9	358.99	9847	0.00031536	0.0003762	1.6124e-167	1.8949e-168	0.29599	1.6633e-10	49.921	18.084	0.5778	0.075112	2.1968e-07	3.3542e-10	0.0039152	80.037	80.602	0.0013197	379.43	0.019157	2.372	0.9169	0.0032374	193.47	5.815	1e-05	24.16	0.085293	0.0070886	2.5775	6.9811e-321	0.74781	7.2817e-09	1.2416e-320	617.12	457	498.98
30	358.99	9847	0.00031536	0.0003762	8.3205e-168	9.6577e-169	0.29599	1.6633e-10	49.915	18.084	0.57779	0.075391	2.1972e-07	3.3572e-10	0.0039152	80.031	80.602	0.0013197	379.43	0.019158	2.372	0.91689	0.0032373	193.47	5.815	1e-05	24.158	0.085292	0.0070886	2.5775	6.9811e-321	0.74781	7.282e-09	1.2416e-320	617.12	457.01	498.98
