z	 POPzt	 POCzt	 DOPzt	 DOCzt	 O2zt	 NO3zt	 NH4zt	 NH3zt	 FeOH3zt	 FeOOHzt	 Fe2zt	 SO4zt	 H2Szt	 HSzt	 PO4zt	 PO4adsazt	 PO4adsbzt	 S0zt	 S8zt	 FeSzt	 FeS2zt	 AlOH3zt	 Ca2zt	 Ca3PO42zt	 OMSzt	 Hzt	 CaCO3zt	 CO2zt	 CO3zt	 HCO3zt	 H2CO3zt	 Chlzt	 CH4aq	 CH4g	 FeCO3	 Fe3PO42	 PO4adsc
0	279.48	9416.6	0.00024913	0.00032413	0.38684	1.2821	0.0031289	0	2438.6	12.744	1.6263e-16	1.019e-05	0	1.2224e-15	0.00037683	490.73	88.186	0	313.52	5.4903e-12	5.5562e-06	0.96335	0.0014401	2.8163	5.8149	1e-05	788.86	0.14771	0.00028461	0.34786	0	0.38062	0	0	0.43309	0.0016131	0.0064959
0.1	278.95	9318.4	0.00024838	0.00032142	0.22182	0.72158	0.035326	1.6503e-11	2405.2	12.744	0.019635	0.00018331	9.3515e-13	1.3582e-14	0.0039804	490.69	88.186	0.00039405	313.55	1.2483e-10	2.5846e-05	0.96227	0.013682	3.0676	5.8149	1e-05	783.93	0.13667	0.0022931	0.87066	4.4466e-323	0.3768	2.3985e-18	5.4347e-323	15.392	0.05735	0.23087
0.2	278.7	9258.7	0.00024764	0.00031884	0.091938	0.29412	0.063523	3.1204e-11	2369.8	12.744	0.047304	0.00035614	1.9236e-12	3.6789e-14	0.0047674	490.43	88.186	0.00066123	313.61	3.0889e-09	0.00014128	0.96124	0.023194	3.7815	5.8149	1e-05	779.08	0.12224	0.0036808	1.2959	8.3991e-323	0.37522	1.0173e-17	1.1364e-322	30.605	0.11685	0.45892
0.3	278.66	9227.8	0.00024693	0.0003164	0.027631	0.080578	0.083337	4.2823e-11	2333.3	12.744	0.08195	0.00052855	3.0047e-12	7.0851e-14	0.004516	489.96	88.186	0.00082619	313.71	2.604e-08	0.00039196	0.96024	0.031253	4.5701	5.8149	1e-05	774.28	0.10745	0.0045318	1.5994	1.2352e-322	0.37517	4.0745e-17	1.6798e-322	45.861	0.18226	0.68741
0.4	278.75	9214.2	0.00024625	0.00031407	0.0076801	0.022075	0.096373	5.1302e-11	2296.3	12.744	0.12019	0.00070063	4.1788e-12	1.2093e-13	0.0042163	489.32	88.186	0.0009281	313.81	1.0644e-07	0.00076734	0.95926	0.03897	5.3606	5.8149	1e-05	769.51	0.09167	0.0050873	1.806	1.6798e-322	0.3758	1.6263e-16	2.2727e-322	61.166	0.25681	0.91632
0.5	278.94	9214.7	0.00024559	0.00031186	0.0021347	0.0060476	0.10525	5.7172e-11	2259.6	12.744	0.15947	0.0008726	5.4448e-12	1.7927e-13	0.0039555	488.53	88.186	0.00099113	313.93	2.5226e-07	0.0012112	0.95829	0.046482	6.1526	5.8149	1e-05	764.74	0.081641	0.0054431	1.9371	2.1245e-322	0.37696	3.834e-16	2.915e-322	76.525	0.34409	1.1457
0.6	279.19	9222.6	0.00024497	0.00030978	0.00059336	0.0016568	0.11118	6.1288e-11	2223.2	12.743	0.19833	0.0010447	6.7947e-12	2.4507e-13	0.0037636	487.62	88.185	0.0010302	314.05	4.4152e-07	0.0016854	0.95734	0.053796	6.946	5.8149	1e-05	759.96	0.074717	0.0056654	2.0157	2.5691e-322	0.37816	7.3161e-16	3.4585e-322	91.94	0.44819	1.3754
0.7	279.45	9232.1	0.00024438	0.0003078	0.00016493	0.0004539	0.11545	6.4283e-11	2187.4	12.743	0.23603	0.001217	8.22e-12	3.1145e-13	0.0036748	486.61	88.185	0.0010544	314.17	6.5227e-07	0.0021715	0.95639	0.060918	7.741	5.8149	1e-05	755.17	0.071172	0.0058089	2.065	2.9644e-322	0.37901	1.1616e-15	4.0019e-322	107.42	0.57375	1.6055
0.8	279.71	9240.4	0.00024382	0.00030592	4.5842e-05	0.00012435	0.11906	6.6636e-11	2152	12.743	0.27229	0.0013897	9.7139e-12	3.7317e-13	0.0036829	485.51	88.185	0.0010695	314.29	8.7215e-07	0.0026619	0.95545	0.067855	8.5375	5.8149	1e-05	750.37	0.070121	0.0059134	2.1014	3.3596e-322	0.37935	1.6345e-15	4.5454e-322	122.95	0.72602	1.8361
0.9	279.95	9247	0.0002433	0.00030416	1.2742e-05	3.4067e-05	0.12243	6.8673e-11	2117.1	12.743	0.30695	0.0015627	1.1273e-11	4.3124e-13	0.0037569	484.33	88.184	0.001079	314.42	1.0957e-06	0.0031535	0.95451	0.074612	9.3355	5.8149	1e-05	745.56	0.070323	0.0060009	2.1329	3.7549e-322	0.37919	2.1287e-15	5.0889e-322	138.55	0.91068	2.067
1	280.18	9251.7	0.00024281	0.00030251	3.5417e-06	9.3328e-06	0.1257	7.0567e-11	2082.7	12.743	0.33997	0.0017361	1.2901e-11	4.881e-13	0.0038611	483.06	88.184	0.0010851	314.55	1.3208e-06	0.0036453	0.95359	0.081194	10.135	5.8149	1e-05	740.74	0.071033	0.0060805	2.1621	4.1502e-322	0.37859	2.6357e-15	5.6323e-322	154.21	1.1335	2.2984
1.1	280.41	9254.7	0.00024236	0.00030097	9.8444e-07	2.5568e-06	0.12891	7.2391e-11	2048.9	12.743	0.3713	0.0019101	1.46e-11	5.4537e-13	0.0039633	481.71	88.183	0.001089	314.67	1.5469e-06	0.0041367	0.95267	0.087607	10.936	5.8149	1e-05	735.92	0.0719	0.0061555	2.1902	4.5454e-322	0.3776	3.1551e-15	6.1758e-322	169.93	1.4	2.53
1.2	280.62	9256.5	0.00024195	0.00029953	2.7363e-07	7.0046e-07	0.13207	7.4173e-11	2015.8	12.743	0.40095	0.0020845	1.6377e-11	6.037e-13	0.0040385	480.27	88.183	0.0010915	314.8	1.7751e-06	0.0046282	0.95176	0.093856	11.738	5.8149	1e-05	731.11	0.072809	0.006227	2.2172	4.9901e-322	0.37632	3.6889e-15	6.8181e-322	185.72	1.7141	2.7621
1.3	280.82	9257.2	0.00024157	0.0002982	7.6057e-08	1.919e-07	0.13519	7.5919e-11	1983.3	12.743	0.42892	0.0022594	1.8237e-11	6.6333e-13	0.0040715	478.73	88.183	0.0010933	314.93	2.006e-06	0.00512	0.95087	0.099947	12.541	5.8149	1e-05	726.32	0.073694	0.0062952	2.2434	5.3853e-322	0.37481	4.2416e-15	7.411e-322	201.56	2.0784	2.9945
1.4	281.02	9257.1	0.00024123	0.00029698	2.114e-08	5.2572e-08	0.13824	7.7632e-11	1951.5	12.743	0.45523	0.0024349	2.0187e-11	7.2459e-13	0.0040572	477.11	88.182	0.0010945	315.05	2.24e-06	0.0056122	0.94999	0.10589	13.345	5.8149	1e-05	721.55	0.074542	0.0063599	2.2687	5.7806e-322	0.37313	4.8162e-15	7.9545e-322	217.46	2.4928	3.2273
1.5	281.21	9256.7	0.00024092	0.00029584	5.876e-09	1.4403e-08	0.14123	7.9308e-11	1920.4	12.743	0.47995	0.002611	2.2232e-11	7.8752e-13	0.0039992	475.4	88.181	0.0010955	315.18	2.4774e-06	0.0061048	0.94912	0.11167	14.151	5.8149	1e-05	716.81	0.075352	0.0064209	2.2928	6.1758e-322	0.37136	5.4153e-15	8.4979e-322	233.41	2.9552	3.4605
1.6	281.4	9256	0.00024063	0.0002948	1.6333e-09	3.9457e-09	0.14415	8.0947e-11	1890.1	12.743	0.50314	0.0027876	2.4376e-11	8.5243e-13	0.0039076	473.6	88.181	0.0010962	315.3	2.7184e-06	0.0065982	0.94828	0.11732	14.957	5.8149	1e-05	712.11	0.076118	0.0064781	2.3157	6.5711e-322	0.36954	6.0412e-15	9.0908e-322	249.41	3.4621	3.6939
1.7	281.58	9255.4	0.00024038	0.00029384	4.5398e-10	1.081e-09	0.14699	8.2546e-11	1860.6	12.743	0.52487	0.0029649	2.6626e-11	9.1925e-13	0.003795	471.73	88.18	0.0010968	315.43	2.9634e-06	0.0070923	0.94745	0.12283	15.764	5.8149	1e-05	707.44	0.076841	0.0065315	2.3373	6.9663e-322	0.36773	6.6964e-15	9.6343e-322	265.45	4.0091	3.9277
1.8	281.77	9254.9	0.00024015	0.00029297	1.2618e-10	2.9614e-10	0.14977	8.4106e-11	1831.8	12.743	0.54522	0.0031429	2.8984e-11	9.8792e-13	0.0036728	469.79	88.179	0.0010974	315.56	3.2126e-06	0.0075875	0.94664	0.1282	16.572	5.8149	1e-05	702.82	0.077524	0.006581	2.3578	7.3616e-322	0.36596	7.3833e-15	1.0178e-321	281.54	4.5914	4.1618
1.9	281.95	9254.7	0.00023995	0.00029216	3.5074e-11	8.1131e-11	0.15247	8.5627e-11	1803.8	12.743	0.56427	0.0033215	3.1456e-11	1.0584e-12	0.0035496	467.78	88.179	0.0010979	315.68	3.4663e-06	0.0080837	0.94585	0.13344	17.38	5.8149	1e-05	698.24	0.078166	0.0066269	2.3771	7.7568e-322	0.36426	8.1041e-15	1.0771e-321	297.66	5.2051	4.3963
2	282.13	9254.9	0.00023978	0.00029143	9.7489e-12	2.2226e-11	0.15511	8.711e-11	1776.5	12.744	0.58207	0.0035009	3.4046e-11	1.1308e-12	0.0034308	465.72	88.178	0.0010984	315.81	3.7247e-06	0.0085813	0.94507	0.13855	18.189	5.8149	1e-05	693.7	0.078772	0.0066688	2.3952	8.1521e-322	0.36266	8.8613e-15	1.1314e-321	313.82	5.8462	4.631
2.1	282.31	9255.5	0.00023963	0.00029076	2.7098e-12	6.0891e-12	0.15768	8.8556e-11	1750	12.744	0.5987	0.0036809	3.6759e-11	1.205e-12	0.0033195	463.6	88.177	0.0010988	315.93	3.9881e-06	0.0090802	0.94432	0.14354	18.999	5.8149	1e-05	689.22	0.07934	0.0067056	2.4123	8.5967e-322	0.36118	9.6573e-15	1.1907e-321	330	6.5117	4.8661
2.2	282.49	9256.5	0.00023949	0.00029015	7.5319e-13	1.6682e-12	0.16018	8.9966e-11	1724.1	12.744	0.61422	0.0038617	3.96e-11	1.2811e-12	0.0032168	461.43	88.176	0.0010993	316.05	4.2567e-06	0.0095807	0.94358	0.14841	19.81	5.8149	1e-05	684.78	0.079874	0.0067367	2.4283	8.992e-322	0.35984	1.0494e-14	1.2401e-321	346.2	7.1988	5.1014
2.3	282.67	9258	0.00023938	0.00028959	2.0935e-13	4.5701e-13	0.16263	9.134e-11	1698.9	12.744	0.6287	0.0040433	4.2573e-11	1.3591e-12	0.003123	459.22	88.175	0.0010997	316.18	4.5307e-06	0.010083	0.94285	0.15316	20.621	5.8149	1e-05	680.38	0.080375	0.006764	2.4433	9.4367e-322	0.35865	1.1375e-14	1.2945e-321	362.4	7.9052	5.3371
2.4	282.85	9259.9	0.00023929	0.00028908	5.819e-14	1.252e-13	0.16501	9.268e-11	1674.4	12.745	0.64222	0.0042256	4.5684e-11	1.4391e-12	0.0030377	456.97	88.174	0.0011002	316.3	4.8104e-06	0.010587	0.94214	0.1578	21.432	5.8149	1e-05	676.04	0.080843	0.0067892	2.4573	9.8319e-322	0.35761	1.2302e-14	1.3488e-321	378.61	8.6288	5.573
2.5	283.04	9262.3	0.00023921	0.00028862	1.6174e-14	3.43e-14	0.16734	9.3987e-11	1650.4	12.745	0.65482	0.0044086	4.8938e-11	1.5211e-12	0.0029602	454.68	88.174	0.0011006	316.42	5.096e-06	0.011092	0.94145	0.16233	22.244	5.8149	1e-05	671.73	0.08128	0.0068125	2.4704	1.0178e-321	0.35672	1.3277e-14	1.3982e-321	394.8	9.3677	5.8092
2.6	283.22	9265.1	0.00023915	0.00028819	4.4957e-15	9.3969e-15	0.1696	9.5262e-11	1627	12.745	0.66658	0.0045925	5.2341e-11	1.6052e-12	0.0028899	452.36	88.173	0.001101	316.55	5.3876e-06	0.0116	0.94076	0.16674	23.057	5.8149	1e-05	667.47	0.081688	0.0068342	2.4826	1.0622e-321	0.35598	1.4304e-14	1.4575e-321	410.97	10.12	6.0457
2.7	283.4	9268.3	0.0002391	0.00028781	1.2496e-15	2.5744e-15	0.17181	9.6505e-11	1604.1	12.746	0.67755	0.0047772	5.59e-11	1.6913e-12	0.0028261	450.01	88.172	0.0011015	316.67	5.6854e-06	0.01211	0.94009	0.17106	23.87	5.8149	1e-05	663.25	0.082069	0.0068543	2.494	1.1067e-321	0.3554	1.5384e-14	1.5118e-321	427.1	10.885	6.2824
2.8	283.58	9271.8	0.00023907	0.00028745	3.4733e-16	7.0527e-16	0.17397	9.7717e-11	1581.7	12.746	0.68778	0.0049627	5.9619e-11	1.7796e-12	0.0027682	447.64	88.171	0.0011019	316.79	5.9897e-06	0.012621	0.93942	0.17527	24.683	5.8149	1e-05	659.07	0.082422	0.0068728	2.5046	1.1512e-321	0.35495	1.652e-14	1.5761e-321	443.2	11.661	6.5194
2.9	283.76	9275.6	0.00023905	0.00028713	9.6543e-17	1.9322e-16	0.17607	9.8899e-11	1559.8	12.746	0.69731	0.0051491	6.3508e-11	1.8701e-12	0.0027155	445.24	88.17	0.0011023	316.91	6.3006e-06	0.013135	0.93876	0.17938	25.497	5.8149	1e-05	654.93	0.082751	0.0068898	2.5144	1.1907e-321	0.35464	1.7715e-14	1.6354e-321	459.25	12.447	6.7566
3	283.94	9279.7	0.00023904	0.00028683	2.6835e-17	5.2933e-17	0.17812	1.0005e-10	1538.2	12.747	0.7062	0.0053363	6.7572e-11	1.9628e-12	0.0026676	442.82	88.169	0.0011027	317.03	6.6182e-06	0.013651	0.93811	0.18339	26.312	5.8149	1e-05	650.82	0.083055	0.0069055	2.5235	1.2253e-321	0.35446	1.8971e-14	1.6897e-321	475.24	13.241	6.994
3.1	284.12	9283.9	0.00023904	0.00028655	7.4588e-18	1.4501e-17	0.18012	1.0118e-10	1517.1	12.747	0.71448	0.0055243	7.1819e-11	2.0578e-12	0.002624	440.38	88.168	0.0011031	317.16	6.9427e-06	0.014169	0.93747	0.1873	27.126	5.8149	1e-05	646.74	0.083336	0.0069198	2.5318	1.2648e-321	0.35439	2.0292e-14	1.7441e-321	491.17	14.043	7.2317
3.2	284.3	9288.3	0.00023905	0.00028629	2.0732e-18	3.9728e-18	0.18207	1.0227e-10	1496.3	12.748	0.72219	0.0057132	7.6257e-11	2.1552e-12	0.0025843	437.92	88.167	0.0011036	317.28	7.2743e-06	0.01469	0.93683	0.19113	27.941	5.8149	1e-05	642.7	0.083594	0.0069329	2.5396	1.3043e-321	0.35442	2.1679e-14	1.8033e-321	507.04	14.852	7.4696
3.3	284.48	9292.8	0.00023907	0.00028604	5.7626e-19	1.0884e-18	0.18397	1.0334e-10	1475.8	12.748	0.72936	0.005903	8.0895e-11	2.255e-12	0.002548	435.45	88.166	0.001104	317.4	7.613e-06	0.015212	0.9362	0.19486	28.757	5.8149	1e-05	638.69	0.083832	0.0069447	2.5466	1.3439e-321	0.35454	2.3136e-14	1.8626e-321	522.83	15.667	7.7077
3.4	284.65	9297.3	0.00023909	0.00028581	1.6017e-19	2.9817e-19	0.18582	1.0439e-10	1455.6	12.748	0.73604	0.0060936	8.574e-11	2.3572e-12	0.0025149	432.96	88.165	0.0011044	317.52	7.9591e-06	0.015737	0.93557	0.1985	29.573	5.8149	1e-05	634.7	0.084049	0.0069553	2.5531	1.3834e-321	0.35475	2.4665e-14	1.9269e-321	538.54	16.487	7.946
3.5	284.83	9301.8	0.00023912	0.00028559	4.4521e-20	8.1687e-20	0.18763	1.054e-10	1435.7	12.749	0.74225	0.0062852	9.0803e-11	2.4621e-12	0.0024847	430.46	88.164	0.0011048	317.64	8.3127e-06	0.016265	0.93495	0.20206	30.389	5.8149	1e-05	630.74	0.084248	0.0069649	2.559	1.418e-321	0.35502	2.6269e-14	1.9861e-321	554.17	17.311	8.1846
3.6	285	9306.3	0.00023916	0.00028538	1.2375e-20	2.2379e-20	0.1894	1.064e-10	1416.1	12.749	0.74802	0.0064776	9.6091e-11	2.5695e-12	0.002457	427.95	88.163	0.0011052	317.76	8.6738e-06	0.016794	0.93432	0.20553	31.205	5.8149	1e-05	626.81	0.084428	0.0069733	2.5643	1.4526e-321	0.35535	2.7951e-14	2.0454e-321	569.7	18.139	8.4233
3.7	285.17	9310.7	0.0002392	0.00028517	3.4397e-21	6.1309e-21	0.19112	1.0736e-10	1396.8	12.749	0.75338	0.0066709	1.0162e-10	2.6796e-12	0.0024317	425.44	88.162	0.0011057	317.88	9.0427e-06	0.017326	0.9337	0.20891	32.021	5.8149	1e-05	622.9	0.08459	0.0069808	2.5691	1.497e-321	0.35573	2.9714e-14	2.1047e-321	585.14	18.971	8.6622
3.8	285.35	9315	0.00023925	0.00028496	9.5607e-22	1.6796e-21	0.1928	1.0831e-10	1377.7	12.75	0.75836	0.006865	1.0739e-10	2.7924e-12	0.0024091	422.91	88.161	0.0011061	318	9.4194e-06	0.01786	0.93308	0.21222	32.838	5.8149	1e-05	619.02	0.084736	0.0069872	2.5734	1.5365e-321	0.35615	3.1561e-14	2.164e-321	600.49	19.804	8.9012
3.9	285.52	9319.2	0.0002393	0.00028476	2.6574e-22	4.6015e-22	0.19444	1.0923e-10	1358.8	12.75	0.76298	0.0070601	1.1341e-10	2.9081e-12	0.0023914	420.38	88.16	0.0011065	318.11	9.804e-06	0.018397	0.93247	0.21544	33.654	5.8149	1e-05	615.16	0.084866	0.0069928	2.5773	1.5761e-321	0.3566	3.3494e-14	2.2282e-321	615.73	20.64	9.1405
4	285.68	9323.2	0.00023936	0.00028455	7.3865e-23	1.2606e-22	0.19604	1.1013e-10	1340.1	12.751	0.76727	0.0072561	1.1971e-10	3.0266e-12	0.0023781	417.84	88.159	0.0011069	318.23	1.0197e-05	0.018936	0.93185	0.21859	34.471	5.8149	1e-05	611.32	0.084981	0.0069974	2.5806	1.6107e-321	0.35708	3.5517e-14	2.2875e-321	630.87	21.477	9.3798
4.1	285.85	9327.1	0.00023941	0.00028435	2.0531e-23	3.4536e-23	0.19759	1.1101e-10	1321.7	12.751	0.77124	0.007453	1.2628e-10	3.148e-12	0.0023678	415.3	88.158	0.0011073	318.35	1.0597e-05	0.019477	0.93124	0.22166	35.288	5.8149	1e-05	607.49	0.085081	0.0070011	2.5836	1.6452e-321	0.35756	3.7632e-14	2.3419e-321	645.9	22.314	9.6194
4.2	286.01	9330.8	0.00023947	0.00028414	5.7067e-24	9.4614e-24	0.19912	1.1186e-10	1303.5	12.751	0.77492	0.0076508	1.3314e-10	3.2724e-12	0.0023596	412.76	88.157	0.0011077	318.47	1.1007e-05	0.020021	0.93063	0.22466	36.105	5.8149	1e-05	603.7	0.085167	0.0070041	2.5861	1.6848e-321	0.35806	3.9843e-14	2.4012e-321	660.82	23.153	9.8591
4.3	286.18	9334.3	0.00023953	0.00028393	1.5862e-24	2.592e-24	0.2006	1.127e-10	1285.5	12.752	0.77832	0.0078495	1.4031e-10	3.3999e-12	0.0023527	410.21	88.156	0.0011081	318.58	1.1424e-05	0.020567	0.93001	0.22758	36.922	5.8149	1e-05	599.92	0.085241	0.0070063	2.5882	1.7243e-321	0.35856	4.2152e-14	2.4506e-321	675.63	23.992	10.099
4.4	286.34	9337.7	0.0002396	0.00028371	4.4089e-25	7.1011e-25	0.20205	1.1351e-10	1267.7	12.752	0.78146	0.0080491	1.4779e-10	3.5305e-12	0.0023468	407.66	88.155	0.0011085	318.7	1.185e-05	0.021115	0.9294	0.23043	37.738	5.8149	1e-05	596.16	0.085302	0.0070077	2.5899	1.7589e-321	0.35906	4.4562e-14	2.5099e-321	690.32	24.831	10.339
4.5	286.5	9340.8	0.00023966	0.00028349	1.2255e-25	1.9454e-25	0.20346	1.143e-10	1250.1	12.752	0.78435	0.0082496	1.5559e-10	3.6643e-12	0.0023418	405.11	88.154	0.0011089	318.82	1.2284e-05	0.021665	0.9288	0.23322	38.555	5.8149	1e-05	592.41	0.08535	0.0070084	2.5913	1.7935e-321	0.35955	4.7077e-14	2.5593e-321	704.89	25.671	10.579
4.6	286.65	9343.8	0.00023973	0.00028326	3.4063e-26	5.3296e-26	0.20484	1.1508e-10	1232.7	12.753	0.787	0.008451	1.6373e-10	3.8013e-12	0.0023373	402.55	88.153	0.0011093	318.93	1.2727e-05	0.022218	0.92819	0.23593	39.371	5.8149	1e-05	588.69	0.085388	0.0070084	2.5923	1.833e-321	0.36003	4.97e-14	2.6136e-321	719.35	26.51	10.819
4.7	286.81	9346.6	0.00023979	0.00028302	9.468e-27	1.4601e-26	0.20618	1.1584e-10	1215.5	12.753	0.78945	0.0086533	1.7223e-10	3.9416e-12	0.0023335	400	88.152	0.0011097	319.05	1.3178e-05	0.022774	0.92758	0.23858	40.187	5.8149	1e-05	584.99	0.085415	0.0070078	2.593	1.8626e-321	0.3605	5.2433e-14	2.668e-321	733.68	27.349	11.059
4.8	286.97	9349.2	0.00023986	0.00028277	2.6317e-27	4.0001e-27	0.20749	1.1657e-10	1198.6	12.753	0.79168	0.0088565	1.8109e-10	4.0853e-12	0.0023302	397.45	88.151	0.0011101	319.17	1.3639e-05	0.023331	0.92698	0.24116	41.003	5.8149	1e-05	581.31	0.085431	0.0070066	2.5934	1.9071e-321	0.36095	5.5279e-14	2.7272e-321	747.89	28.187	11.3
4.9	287.12	9351.6	0.00023993	0.00028252	7.3148e-28	1.0959e-27	0.20877	1.1729e-10	1181.9	12.754	0.79373	0.0090606	1.9033e-10	4.2325e-12	0.0023273	394.9	88.15	0.0011105	319.28	1.4108e-05	0.023891	0.92638	0.24367	41.819	5.8149	1e-05	577.64	0.085438	0.0070048	2.5935	1.9466e-321	0.36139	5.8242e-14	2.7816e-321	761.97	29.025	11.54
5	287.27	9353.9	0.00024	0.00028225	2.0332e-28	3.0022e-28	0.21002	1.18e-10	1165.3	12.754	0.79559	0.0092656	1.9996e-10	4.3831e-12	0.0023249	392.35	88.149	0.0011109	319.4	1.4585e-05	0.024453	0.92578	0.24613	42.634	5.8149	1e-05	574	0.085435	0.0070024	2.5933	1.9861e-321	0.36181	6.1325e-14	2.831e-321	775.93	29.861	11.781
5.1	287.42	9356	0.00024006	0.00028198	5.6514e-29	8.2248e-29	0.21124	1.1868e-10	1149	12.754	0.79729	0.0094716	2.1001e-10	4.5373e-12	0.0023228	389.8	88.148	0.0011113	319.51	1.5072e-05	0.025017	0.92518	0.24852	43.448	5.8149	1e-05	570.37	0.085424	0.0069995	2.5929	2.0207e-321	0.36222	6.453e-14	2.8853e-321	789.76	30.696	12.021
5.2	287.57	9358	0.00024013	0.0002817	1.5708e-29	2.2533e-29	0.21243	1.1935e-10	1132.9	12.755	0.79883	0.0096784	2.2048e-10	4.6951e-12	0.0023211	387.25	88.147	0.0011117	319.63	1.5568e-05	0.025583	0.92458	0.25086	44.262	5.8149	1e-05	566.77	0.085404	0.0069961	2.5922	2.0553e-321	0.3626	6.7862e-14	2.9397e-321	803.47	31.529	12.262
5.3	287.72	9359.8	0.0002402	0.00028141	4.3662e-30	6.173e-30	0.21359	1.2e-10	1117	12.755	0.80022	0.0098861	2.3139e-10	4.8565e-12	0.0023197	384.71	88.146	0.0011121	319.74	1.6073e-05	0.026152	0.92399	0.25313	45.076	5.8149	1e-05	563.18	0.085376	0.0069923	2.5912	2.0948e-321	0.36297	7.1322e-14	2.994e-321	817.04	32.361	12.503
5.4	287.86	9361.5	0.00024026	0.00028111	1.2136e-30	1.6911e-30	0.21472	1.2064e-10	1101.3	12.755	0.80147	0.010095	2.4276e-10	5.0217e-12	0.0023185	382.17	88.145	0.0011125	319.85	1.6587e-05	0.026723	0.92339	0.25535	45.888	5.8149	1e-05	559.62	0.085341	0.0069879	2.5901	2.1344e-321	0.36331	7.4913e-14	3.0533e-321	830.49	33.19	12.743
5.5	288.01	9363	0.00024033	0.0002808	3.3733e-31	4.6331e-31	0.21583	1.2126e-10	1085.9	12.755	0.80259	0.010304	2.546e-10	5.1908e-12	0.0023177	379.64	88.144	0.0011129	319.97	1.7109e-05	0.027296	0.9228	0.25751	46.7	5.8149	1e-05	556.07	0.085299	0.0069831	2.5887	2.164e-321	0.36364	7.864e-14	3.1077e-321	843.81	34.018	12.984
5.6	288.15	9364.5	0.00024039	0.00028049	9.3761e-32	1.2693e-31	0.2169	1.2187e-10	1070.6	12.756	0.8036	0.010514	2.6693e-10	5.3637e-12	0.0023171	377.11	88.143	0.0011133	320.08	1.7642e-05	0.027871	0.92221	0.25962	47.512	5.8149	1e-05	552.54	0.085249	0.006978	2.5871	2.2035e-321	0.36395	8.2504e-14	3.1719e-321	857	34.844	13.225
5.7	288.3	9365.8	0.00024046	0.00028016	2.6061e-32	3.4773e-32	0.21796	1.2246e-10	1055.5	12.756	0.80448	0.010726	2.7976e-10	5.5405e-12	0.0023168	374.58	88.142	0.0011137	320.19	1.8183e-05	0.028448	0.92163	0.26167	48.322	5.8149	1e-05	549.04	0.085194	0.0069724	2.5853	2.2381e-321	0.36424	8.6509e-14	3.2262e-321	870.07	35.667	13.466
5.8	288.44	9367.1	0.00024052	0.00027983	7.2439e-33	9.5263e-33	0.21898	1.2304e-10	1040.7	12.756	0.80526	0.010938	2.9313e-10	5.7213e-12	0.0023167	372.06	88.141	0.0011141	320.3	1.8733e-05	0.029027	0.92104	0.26367	49.132	5.8149	1e-05	545.55	0.085132	0.0069664	2.5833	2.2776e-321	0.36452	9.0657e-14	3.2806e-321	883	36.488	13.707
5.9	288.58	9368.3	0.00024058	0.00027948	2.0135e-33	2.6098e-33	0.21998	1.236e-10	1026.1	12.757	0.80594	0.011151	3.0704e-10	5.9062e-12	0.0023168	369.55	88.14	0.0011145	320.42	1.9293e-05	0.029608	0.92046	0.26561	49.941	5.8149	1e-05	542.09	0.085064	0.0069601	2.5812	2.3122e-321	0.36478	9.4952e-14	3.3349e-321	895.8	37.306	13.948
6	288.72	9369.4	0.00024065	0.00027913	5.5965e-34	7.1498e-34	0.22096	1.2415e-10	1011.7	12.757	0.80653	0.011365	3.2152e-10	6.0952e-12	0.002317	367.04	88.139	0.0011149	320.53	1.9862e-05	0.030192	0.91989	0.26751	50.748	5.8149	1e-05	538.64	0.084991	0.0069535	2.5789	2.3419e-321	0.36502	9.9397e-14	3.3893e-321	908.48	38.121	14.188
6.1	288.86	9370.4	0.00024071	0.00027878	1.5556e-34	1.9588e-34	0.22192	1.2469e-10	997.46	12.757	0.80703	0.011579	3.3658e-10	6.2884e-12	0.0023175	364.53	88.138	0.0011153	320.64	2.044e-05	0.030777	0.91931	0.26935	51.555	5.8149	1e-05	535.22	0.084913	0.0069466	2.5764	2.3765e-321	0.36525	1.0399e-13	3.4338e-321	921.02	38.934	14.429
6.2	289	9371.4	0.00024077	0.00027841	4.3238e-35	5.3662e-35	0.22285	1.2521e-10	983.46	12.757	0.80745	0.011795	3.5225e-10	6.4859e-12	0.0023181	362.04	88.137	0.0011156	320.75	2.1027e-05	0.031364	0.91874	0.27115	52.361	5.8149	1e-05	531.82	0.08483	0.0069393	2.5738	2.4061e-321	0.36547	1.0875e-13	3.4832e-321	933.44	39.744	14.67
6.3	289.14	9372.3	0.00024083	0.00027804	1.2018e-35	1.4701e-35	0.22376	1.2572e-10	969.67	12.757	0.8078	0.012011	3.6854e-10	6.6876e-12	0.0023188	359.54	88.136	0.001116	320.86	2.1624e-05	0.031953	0.91817	0.2729	53.165	5.8149	1e-05	528.44	0.084743	0.0069318	2.5711	2.4407e-321	0.36567	1.1365e-13	3.5326e-321	945.73	40.551	14.911
6.4	289.28	9373.2	0.00024089	0.00027766	3.3405e-36	4.0275e-36	0.22465	1.2622e-10	956.08	12.758	0.80807	0.012229	3.8548e-10	6.8938e-12	0.0023197	357.06	88.135	0.0011164	320.97	2.223e-05	0.032544	0.9176	0.27461	53.968	5.8149	1e-05	525.08	0.084651	0.006924	2.5682	2.4802e-321	0.36586	1.1872e-13	3.5869e-321	957.88	41.355	15.152
6.5	289.41	9374.1	0.00024095	0.00027728	9.2852e-37	1.1034e-36	0.22551	1.2671e-10	942.69	12.758	0.80828	0.012447	4.031e-10	7.1045e-12	0.0023207	354.58	88.135	0.0011168	321.08	2.2845e-05	0.033137	0.91703	0.27626	54.77	5.8149	1e-05	521.74	0.084555	0.006916	2.5652	2.5148e-321	0.36604	1.2396e-13	3.6462e-321	969.92	42.155	15.392
6.6	289.55	9374.9	0.00024101	0.00027689	2.5809e-37	3.0228e-37	0.22636	1.2718e-10	929.5	12.758	0.80842	0.012666	4.2141e-10	7.3197e-12	0.0023218	352.12	88.134	0.0011172	321.19	2.347e-05	0.033731	0.91647	0.27788	55.571	5.8149	1e-05	518.42	0.084456	0.0069078	2.5621	2.5494e-321	0.36621	1.2936e-13	3.7055e-321	981.82	42.953	15.633
6.7	289.68	9375.7	0.00024106	0.0002765	7.1736e-38	8.2812e-38	0.22718	1.2765e-10	916.51	12.758	0.80851	0.012885	4.4044e-10	7.5394e-12	0.002323	349.65	88.133	0.0011176	321.3	2.4104e-05	0.034328	0.91591	0.27944	56.37	5.8149	1e-05	515.12	0.084353	0.0068993	2.5589	2.584e-321	0.36638	1.3493e-13	3.7598e-321	993.6	43.747	15.874
6.8	289.82	9376.5	0.00024112	0.0002761	1.9939e-38	2.2687e-38	0.22799	1.281e-10	903.71	12.759	0.80855	0.013106	4.6021e-10	7.7639e-12	0.0023243	347.2	88.132	0.0011179	321.41	2.4747e-05	0.034926	0.91535	0.28097	57.168	5.8149	1e-05	511.85	0.084246	0.0068906	2.5556	2.6136e-321	0.36653	1.4066e-13	3.8241e-321	1005.2	44.537	16.114
6.9	289.95	9377.3	0.00024118	0.0002757	5.5423e-39	6.2154e-39	0.22877	1.2854e-10	891.11	12.759	0.80854	0.013327	4.8076e-10	7.9931e-12	0.0023257	344.75	88.131	0.0011183	321.52	2.54e-05	0.035526	0.9148	0.28245	57.965	5.8149	1e-05	508.59	0.084137	0.0068817	2.5522	2.6482e-321	0.36668	1.4658e-13	3.8784e-321	1016.8	45.324	16.355
7	290.08	9378.1	0.00024124	0.00027529	1.5405e-39	1.7028e-39	0.22954	1.2898e-10	878.7	12.759	0.80848	0.013549	5.021e-10	8.2271e-12	0.0023271	342.32	88.13	0.0011187	321.62	2.6062e-05	0.036127	0.91425	0.2839	58.759	5.8149	1e-05	505.36	0.084024	0.0068727	2.5487	2.6828e-321	0.36682	1.5266e-13	3.9377e-321	1028.2	46.108	16.595
7.1	290.21	9378.9	0.00024129	0.00027489	4.2819e-40	4.6649e-40	0.23029	1.294e-10	866.47	12.759	0.80838	0.013772	5.2427e-10	8.4661e-12	0.0023286	339.89	88.129	0.0011191	321.73	2.6733e-05	0.03673	0.9137	0.2853	59.553	5.8149	1e-05	502.14	0.083909	0.0068634	2.5451	2.7223e-321	0.36695	1.5893e-13	3.9921e-321	1039.4	46.889	16.835
7.2	290.35	9379.6	0.00024135	0.00027448	1.1902e-40	1.278e-40	0.23102	1.2981e-10	854.43	12.759	0.80824	0.013996	5.4729e-10	8.71e-12	0.0023302	337.47	88.128	0.0011194	321.84	2.7413e-05	0.037335	0.91315	0.28666	60.344	5.8149	1e-05	498.95	0.083791	0.0068541	2.5414	2.7569e-321	0.36708	1.6538e-13	4.0464e-321	1050.6	47.665	17.075
7.3	290.48	9380.4	0.00024141	0.00027406	3.3081e-41	3.5011e-41	0.23174	1.3021e-10	842.58	12.759	0.80806	0.014221	5.7119e-10	8.9589e-12	0.0023318	335.06	88.127	0.0011198	321.95	2.8103e-05	0.037941	0.91261	0.28798	61.134	5.8149	1e-05	495.78	0.083671	0.0068445	2.5377	2.7865e-321	0.3672	1.7201e-13	4.0958e-321	1061.6	48.438	17.315
7.4	290.61	9381.1	0.00024146	0.00027365	9.1951e-42	9.5917e-42	0.23244	1.306e-10	830.9	12.76	0.80785	0.014446	5.9601e-10	9.213e-12	0.0023335	332.66	88.126	0.0011202	322.05	2.8801e-05	0.038549	0.91207	0.28927	61.922	5.8149	1e-05	492.63	0.083549	0.0068349	2.5339	2.8211e-321	0.36732	1.7882e-13	4.1551e-321	1072.5	49.208	17.555
7.5	290.74	9381.9	0.00024152	0.00027324	2.5558e-42	2.6277e-42	0.23312	1.3099e-10	819.4	12.76	0.80761	0.014672	6.2177e-10	9.4723e-12	0.0023352	330.26	88.125	0.0011205	322.16	2.9509e-05	0.039158	0.91153	0.29052	62.708	5.8149	1e-05	489.5	0.083424	0.0068251	2.5301	2.8508e-321	0.36743	1.8582e-13	4.2045e-321	1083.3	49.973	17.795
7.6	290.87	9382.7	0.00024157	0.00027282	7.104e-43	7.1989e-43	0.23378	1.3136e-10	808.08	12.76	0.80734	0.014899	6.4851e-10	9.7369e-12	0.002337	327.88	88.124	0.0011209	322.26	3.0226e-05	0.039769	0.911	0.29173	63.493	5.8149	1e-05	486.39	0.083298	0.0068152	2.5262	2.8903e-321	0.36754	1.9301e-13	4.2588e-321	1094	50.735	18.035
7.7	290.99	9383.4	0.00024163	0.00027241	1.9746e-43	1.9722e-43	0.23443	1.3173e-10	796.93	12.76	0.80704	0.015127	6.7626e-10	1.0007e-11	0.0023388	325.5	88.123	0.0011213	322.37	3.0952e-05	0.040381	0.91047	0.2929	64.275	5.8149	1e-05	483.3	0.08317	0.0068052	2.5222	2.9249e-321	0.36765	2.0039e-13	4.3132e-321	1104.5	51.494	18.274
7.8	291.12	9384.2	0.00024168	0.00027199	5.4885e-44	5.403e-44	0.23507	1.3208e-10	785.94	12.76	0.80672	0.015355	7.0506e-10	1.0282e-11	0.0023406	323.14	88.122	0.0011216	322.48	3.1687e-05	0.040995	0.90994	0.29404	65.056	5.8149	1e-05	480.23	0.083041	0.0067952	2.5182	2.9595e-321	0.36776	2.0797e-13	4.3725e-321	1114.9	52.248	18.513
7.9	291.25	9385	0.00024174	0.00027158	1.5256e-44	1.4802e-44	0.23569	1.3243e-10	775.13	12.76	0.80637	0.015584	7.3494e-10	1.0563e-11	0.0023424	320.78	88.121	0.001122	322.58	3.2432e-05	0.04161	0.90941	0.29515	65.835	5.8149	1e-05	477.18	0.08291	0.006785	2.5142	2.994e-321	0.36786	2.1573e-13	4.4268e-321	1125.2	52.999	18.753
8	291.37	9385.8	0.0002418	0.00027117	4.2403e-45	4.0552e-45	0.23629	1.3277e-10	764.47	12.761	0.80601	0.015814	7.6594e-10	1.085e-11	0.0023443	318.44	88.12	0.0011224	322.68	3.3185e-05	0.042226	0.90888	0.29622	66.611	5.8149	1e-05	474.15	0.082778	0.0067748	2.5101	3.0336e-321	0.36797	2.237e-13	4.4762e-321	1135.4	53.746	18.992
8.1	291.5	9386.6	0.00024185	0.00027076	1.1786e-45	1.1109e-45	0.23688	1.331e-10	753.98	12.761	0.80562	0.016044	7.9809e-10	1.1142e-11	0.0023462	316.1	88.12	0.0011227	322.79	3.3947e-05	0.042843	0.90836	0.29726	67.386	5.8149	1e-05	471.14	0.082645	0.0067644	2.506	3.0681e-321	0.36807	2.3186e-13	4.5306e-321	1145.5	54.489	19.23
8.2	291.62	9387.4	0.00024191	0.00027035	3.276e-46	3.0435e-46	0.23746	1.3343e-10	743.65	12.761	0.80522	0.016276	8.3144e-10	1.144e-11	0.0023481	313.78	88.119	0.0011231	322.89	3.4717e-05	0.043462	0.90784	0.29827	68.158	5.8149	1e-05	468.15	0.082511	0.0067541	2.5018	3.1027e-321	0.36817	2.4022e-13	4.58e-321	1155.4	55.228	19.469
8.3	291.75	9388.2	0.00024197	0.00026995	9.1059e-47	8.3381e-47	0.23802	1.3374e-10	733.47	12.761	0.8048	0.016508	8.6603e-10	1.1744e-11	0.00235	311.46	88.118	0.0011235	323	3.5497e-05	0.044082	0.90732	0.29925	68.928	5.8149	1e-05	465.18	0.082376	0.0067436	2.4977	3.1373e-321	0.36827	2.4879e-13	4.6393e-321	1165.3	55.963	19.707
8.4	291.87	9389	0.00024202	0.00026955	2.531e-47	2.2843e-47	0.23857	1.3405e-10	723.44	12.761	0.80437	0.01674	9.019e-10	1.2054e-11	0.0023519	309.16	88.117	0.0011238	323.1	3.6285e-05	0.044702	0.90681	0.30019	69.696	5.8149	1e-05	462.23	0.08224	0.0067332	2.4935	3.1719e-321	0.36837	2.5755e-13	4.6887e-321	1175	56.694	19.946
8.5	291.99	9389.8	0.00024208	0.00026915	7.0351e-48	6.258e-48	0.23911	1.3436e-10	713.56	12.761	0.80392	0.016974	9.3909e-10	1.237e-11	0.0023538	306.87	88.116	0.0011242	323.2	3.7082e-05	0.045324	0.9063	0.30111	70.461	5.8149	1e-05	459.3	0.082103	0.0067227	2.4892	3.2065e-321	0.36846	2.6652e-13	4.748e-321	1184.6	57.422	20.184
8.6	292.12	9390.6	0.00024214	0.00026876	1.9554e-48	1.7144e-48	0.23963	1.3465e-10	703.83	12.761	0.80346	0.017208	9.7765e-10	1.2692e-11	0.0023557	304.58	88.115	0.0011245	323.3	3.7888e-05	0.045947	0.90578	0.30199	71.224	5.8149	1e-05	456.39	0.081966	0.0067121	2.485	3.2411e-321	0.36856	2.7569e-13	4.7974e-321	1194.1	58.145	20.421
8.7	292.24	9391.4	0.0002422	0.00026837	5.4353e-49	4.6969e-49	0.24015	1.3494e-10	694.24	12.761	0.80299	0.017443	1.0176e-09	1.3021e-11	0.0023576	302.31	88.114	0.0011249	323.41	3.8702e-05	0.046571	0.90528	0.30285	71.985	5.8149	1e-05	453.5	0.081828	0.0067016	2.4808	3.2757e-321	0.36866	2.8507e-13	4.8567e-321	1203.5	58.865	20.659
8.8	292.36	9392.2	0.00024226	0.00026798	1.5108e-49	1.2867e-49	0.24065	1.3522e-10	684.8	12.761	0.80251	0.017678	1.0591e-09	1.3356e-11	0.0023595	300.05	88.113	0.0011252	323.51	3.9525e-05	0.047196	0.90477	0.30367	72.743	5.8149	1e-05	450.62	0.08169	0.006691	2.4765	3.3102e-321	0.36876	2.9465e-13	4.9061e-321	1212.8	59.58	20.896
8.9	292.48	9393	0.00024231	0.0002676	4.1992e-50	3.5252e-50	0.24114	1.355e-10	675.49	12.761	0.80202	0.017914	1.102e-09	1.3697e-11	0.0023614	297.79	88.112	0.0011256	323.61	4.0356e-05	0.047822	0.90427	0.30447	73.499	5.8149	1e-05	447.77	0.081551	0.0066804	2.4722	3.3399e-321	0.36886	3.0445e-13	4.9654e-321	1221.9	60.292	21.133
9	292.6	9393.8	0.00024237	0.00026723	1.1672e-50	9.6575e-51	0.24161	1.3576e-10	666.32	12.761	0.80153	0.018151	1.1465e-09	1.4045e-11	0.0023633	295.55	88.111	0.0011259	323.71	4.1195e-05	0.048449	0.90377	0.30525	74.253	5.8149	1e-05	444.93	0.081413	0.0066698	2.4679	3.3695e-321	0.36895	3.1445e-13	5.0197e-321	1231	61	21.37
9.1	292.72	9394.6	0.00024244	0.00026686	3.2443e-51	2.6458e-51	0.24208	1.3603e-10	657.29	12.762	0.80102	0.018389	1.1927e-09	1.4399e-11	0.0023653	293.32	88.11	0.0011263	323.81	4.2043e-05	0.049076	0.90327	0.30599	75.004	5.8149	1e-05	442.11	0.081274	0.0066592	2.4637	3.4041e-321	0.36905	3.2466e-13	5.0741e-321	1239.9	61.703	21.606
9.2	292.83	9395.4	0.0002425	0.0002665	9.0176e-52	7.2483e-52	0.24254	1.3628e-10	648.38	12.762	0.80051	0.018627	1.2405e-09	1.4761e-11	0.0023671	291.11	88.11	0.0011266	323.91	4.2898e-05	0.049704	0.90277	0.30671	75.752	5.8149	1e-05	439.31	0.081135	0.0066486	2.4594	3.4436e-321	0.36915	3.3508e-13	5.1333e-321	1248.8	62.403	21.843
9.3	292.95	9396.2	0.00024256	0.00026614	2.5065e-52	1.9857e-52	0.24298	1.3653e-10	639.61	12.762	0.79999	0.018865	1.29e-09	1.5129e-11	0.002369	288.9	88.109	0.001127	324.01	4.3762e-05	0.050333	0.90228	0.30741	76.498	5.8149	1e-05	436.53	0.080996	0.0066379	2.4551	3.4733e-321	0.36925	3.457e-13	5.1877e-321	1257.5	63.099	22.079
9.4	293.07	9397	0.00024262	0.00026579	6.9669e-53	5.4401e-53	0.24342	1.3678e-10	630.97	12.762	0.79947	0.019105	1.3414e-09	1.5504e-11	0.0023709	286.7	88.108	0.0011273	324.11	4.4634e-05	0.050963	0.90178	0.30807	77.241	5.8149	1e-05	433.77	0.080857	0.0066274	2.4508	3.5079e-321	0.36935	3.5654e-13	5.2371e-321	1266.1	63.79	22.314
9.5	293.18	9397.8	0.00024268	0.00026545	1.9365e-53	1.4904e-53	0.24384	1.3702e-10	622.45	12.762	0.79895	0.019345	1.3946e-09	1.5886e-11	0.0023728	284.52	88.107	0.0011277	324.21	4.5514e-05	0.051593	0.90129	0.30872	77.981	5.8149	1e-05	431.02	0.080718	0.0066168	2.4465	3.5326e-321	0.36945	3.6759e-13	5.2914e-321	1274.6	64.478	22.55
9.6	293.3	9398.6	0.00024275	0.00026511	5.3825e-54	4.083e-54	0.24426	1.3725e-10	614.05	12.762	0.79842	0.019585	1.4497e-09	1.6276e-11	0.0023746	282.34	88.106	0.001128	324.31	4.6401e-05	0.052224	0.90081	0.30934	78.718	5.8149	1e-05	428.3	0.080579	0.0066062	2.4423	3.5622e-321	0.36955	3.7886e-13	5.3458e-321	1283.1	65.162	22.785
9.7	293.41	9399.4	0.00024281	0.00026478	1.4961e-54	1.1186e-54	0.24466	1.3748e-10	605.77	12.762	0.79788	0.019827	1.5067e-09	1.6672e-11	0.0023765	280.18	88.105	0.0011284	324.4	4.7297e-05	0.052855	0.90032	0.30994	79.453	5.8149	1e-05	425.59	0.080441	0.0065957	2.438	3.5919e-321	0.36965	3.9033e-13	5.4051e-321	1291.4	65.841	23.019
9.8	293.53	9400.1	0.00024288	0.00026446	4.1585e-55	3.0644e-55	0.24506	1.377e-10	597.61	12.762	0.79735	0.020068	1.5659e-09	1.7076e-11	0.0023783	278.03	88.104	0.0011287	324.5	4.82e-05	0.053487	0.89984	0.31051	80.185	5.8149	1e-05	422.89	0.080303	0.0065852	2.4338	3.6264e-321	0.36975	4.0201e-13	5.4693e-321	1299.6	66.517	23.254
9.9	293.64	9400.9	0.00024295	0.00026415	1.1559e-55	8.3953e-56	0.24545	1.3792e-10	589.57	12.762	0.79681	0.020311	1.6271e-09	1.7488e-11	0.0023801	275.89	88.103	0.001129	324.6	4.911e-05	0.05412	0.89935	0.31106	80.914	5.8149	1e-05	420.22	0.080165	0.0065747	2.4295	3.6561e-321	0.36985	4.1391e-13	5.5237e-321	1307.7	67.189	23.488
10	293.75	9401.6	0.00024301	0.00026384	3.2128e-56	2.3e-56	0.24583	1.3813e-10	581.65	12.762	0.79627	0.020554	1.6905e-09	1.7908e-11	0.0023819	273.76	88.103	0.0011294	324.7	5.0028e-05	0.054753	0.89888	0.31159	81.64	5.8149	1e-05	417.56	0.080028	0.0065643	2.4253	3.6956e-321	0.36995	4.2601e-13	5.5731e-321	1315.7	67.856	23.721
10.1	293.86	9402.3	0.00024308	0.00026354	8.9301e-57	6.301e-57	0.2462	1.3834e-10	573.83	12.762	0.79573	0.020797	1.7562e-09	1.8335e-11	0.0023837	271.65	88.102	0.0011297	324.79	5.0953e-05	0.055386	0.8984	0.3121	82.364	5.8149	1e-05	414.92	0.079891	0.0065539	2.4211	3.7253e-321	0.37005	4.3833e-13	5.6225e-321	1323.6	68.52	23.955
10.2	293.97	9403	0.00024315	0.00026325	2.4822e-57	1.7262e-57	0.24656	1.3855e-10	566.13	12.762	0.79519	0.021041	1.8242e-09	1.877e-11	0.0023855	269.54	88.101	0.00113	324.89	5.1886e-05	0.056019	0.89792	0.31259	83.084	5.8149	1e-05	412.3	0.079754	0.0065435	2.4169	3.75e-321	0.37015	4.5085e-13	5.6719e-321	1331.5	69.18	24.188
10.3	294.08	9403.7	0.00024322	0.00026297	6.8993e-58	4.7291e-58	0.24691	1.3875e-10	558.54	12.762	0.79464	0.021286	1.8946e-09	1.9213e-11	0.0023873	267.45	88.1	0.0011304	324.99	5.2825e-05	0.056653	0.89745	0.31305	83.802	5.8149	1e-05	409.7	0.079618	0.0065332	2.4127	3.7845e-321	0.37026	4.6359e-13	5.7262e-321	1339.2	69.835	24.42
10.4	294.19	9404.4	0.00024329	0.0002627	1.9177e-58	1.2956e-58	0.24726	1.3894e-10	551.05	12.762	0.7941	0.021531	1.9675e-09	1.9664e-11	0.002389	265.37	88.099	0.0011307	325.08	5.3772e-05	0.057287	0.89698	0.3135	84.516	5.8149	1e-05	407.11	0.079483	0.0065229	2.4085	3.8092e-321	0.37036	4.7654e-13	5.7707e-321	1346.8	70.487	24.652
10.5	294.3	9405.1	0.00024337	0.00026244	5.3303e-59	3.5494e-59	0.2476	1.3913e-10	543.67	12.762	0.79356	0.021777	2.043e-09	2.0123e-11	0.0023907	263.3	88.098	0.001131	325.18	5.4726e-05	0.057922	0.89651	0.31393	85.227	5.8149	1e-05	404.54	0.079348	0.0065127	2.4044	3.8389e-321	0.37046	4.8969e-13	5.825e-321	1354.3	71.134	24.884
10.6	294.41	9405.8	0.00024344	0.00026218	1.4816e-59	9.7238e-60	0.24793	1.3932e-10	536.39	12.762	0.79301	0.022023	2.1212e-09	2.0591e-11	0.0023924	261.24	88.097	0.0011314	325.27	5.5686e-05	0.058556	0.89604	0.31433	85.936	5.8149	1e-05	401.98	0.079214	0.0065025	2.4002	3.8636e-321	0.37057	5.0305e-13	5.8794e-321	1361.8	71.778	25.116
10.7	294.51	9406.4	0.00024351	0.00026194	4.1182e-60	2.6639e-60	0.24825	1.395e-10	529.22	12.762	0.79247	0.02227	2.2021e-09	2.1067e-11	0.0023941	259.2	88.097	0.0011317	325.36	5.6653e-05	0.059191	0.89557	0.31472	86.641	5.8149	1e-05	399.45	0.079081	0.0064924	2.3961	3.8932e-321	0.37067	5.1662e-13	5.9288e-321	1369.1	72.417	25.347
10.8	294.62	9407	0.00024359	0.0002617	1.1447e-60	7.298e-61	0.24856	1.3967e-10	522.14	12.762	0.79193	0.022518	2.2858e-09	2.1552e-11	0.0023958	257.17	88.096	0.001132	325.46	5.7627e-05	0.059825	0.89511	0.31509	87.343	5.8149	1e-05	396.92	0.078948	0.0064823	2.3921	3.9229e-321	0.37078	5.3039e-13	5.9782e-321	1376.4	73.053	25.577
10.9	294.73	9407.6	0.00024367	0.00026147	3.1816e-61	1.9994e-61	0.24887	1.3985e-10	515.17	12.762	0.79139	0.022766	2.3725e-09	2.2045e-11	0.0023974	255.15	88.095	0.0011324	325.55	5.8607e-05	0.06046	0.89465	0.31544	88.042	5.8149	1e-05	394.42	0.078816	0.0064723	2.388	3.9525e-321	0.37088	5.4437e-13	6.0276e-321	1383.5	73.684	25.807
11	294.83	9408.2	0.00024374	0.00026125	8.8435e-62	5.4774e-62	0.24917	1.4002e-10	508.29	12.762	0.79085	0.023014	2.4622e-09	2.2548e-11	0.0023991	253.14	88.094	0.0011327	325.65	5.9594e-05	0.061095	0.89419	0.31578	88.738	5.8149	1e-05	391.93	0.078685	0.0064623	2.384	3.9822e-321	0.37099	5.5855e-13	6.0721e-321	1390.6	74.312	26.037
11.1	294.93	9408.8	0.00024382	0.00026105	2.4581e-62	1.5006e-62	0.24947	1.4018e-10	501.51	12.762	0.79031	0.023263	2.5551e-09	2.306e-11	0.0024007	251.14	88.093	0.001133	325.74	6.0586e-05	0.061729	0.89373	0.3161	89.431	5.8149	1e-05	389.46	0.078554	0.0064525	2.3799	4.0118e-321	0.37109	5.7293e-13	6.1215e-321	1397.6	74.936	26.266
11.2	295.04	9409.3	0.0002439	0.00026085	6.8324e-63	4.111e-63	0.24976	1.4034e-10	494.82	12.762	0.78978	0.023512	2.6512e-09	2.358e-11	0.0024023	249.16	88.092	0.0011333	325.83	6.1585e-05	0.062364	0.89328	0.3164	90.12	5.8149	1e-05	387.01	0.078425	0.0064426	2.376	4.0464e-321	0.3712	5.8752e-13	6.1758e-321	1404.4	75.555	26.495
11.3	295.14	9409.9	0.00024398	0.00026066	1.8991e-63	1.1262e-63	0.25004	1.405e-10	488.22	12.762	0.78924	0.023762	2.7506e-09	2.411e-11	0.0024039	247.18	88.092	0.0011336	325.92	6.259e-05	0.062998	0.89282	0.31668	90.806	5.8149	1e-05	384.57	0.078296	0.0064329	2.372	4.076e-321	0.37131	6.023e-13	6.2302e-321	1411.3	76.171	26.723
11.4	295.24	9410.4	0.00024406	0.00026048	5.2786e-64	3.0855e-64	0.25031	1.4066e-10	481.72	12.762	0.78871	0.024013	2.8535e-09	2.465e-11	0.0024055	245.22	88.091	0.001134	326.01	6.3601e-05	0.063632	0.89237	0.31695	91.489	5.8149	1e-05	382.15	0.078168	0.0064232	2.3681	4.1057e-321	0.37141	6.1728e-13	6.2746e-321	1418	76.782	26.951
11.5	295.34	9410.9	0.00024414	0.00026031	1.4672e-64	8.4529e-65	0.25058	1.4081e-10	475.3	12.762	0.78818	0.024264	2.96e-09	2.5199e-11	0.002407	243.27	88.09	0.0011343	326.11	6.4618e-05	0.064266	0.89192	0.3172	92.169	5.8149	1e-05	379.74	0.078041	0.0064136	2.3642	4.1353e-321	0.37152	6.3246e-13	6.324e-321	1424.6	77.39	27.179
11.6	295.44	9411.3	0.00024423	0.00026014	4.0782e-65	2.3157e-65	0.25085	1.4096e-10	468.98	12.762	0.78765	0.024515	3.0701e-09	2.5757e-11	0.0024086	241.34	88.089	0.0011346	326.2	6.564e-05	0.0649	0.89147	0.31744	92.845	5.8149	1e-05	377.35	0.077915	0.006404	2.3603	4.16e-321	0.37163	6.4784e-13	6.3734e-321	1431.1	77.994	27.406
11.7	295.54	9411.8	0.00024431	0.00025999	1.1336e-65	6.3442e-66	0.2511	1.411e-10	462.74	12.762	0.78713	0.024767	3.1841e-09	2.6326e-11	0.0024101	239.41	88.088	0.0011349	326.29	6.6668e-05	0.065533	0.89103	0.31766	93.518	5.8149	1e-05	374.97	0.07779	0.0063945	2.3564	4.1897e-321	0.37174	6.634e-13	6.4229e-321	1437.6	78.593	27.632
11.8	295.64	9412.2	0.00024439	0.00025985	3.1508e-66	1.7381e-66	0.25135	1.4124e-10	456.59	12.762	0.78661	0.025019	3.302e-09	2.6904e-11	0.0024116	237.5	88.087	0.0011352	326.38	6.7701e-05	0.066166	0.89058	0.31787	94.188	5.8149	1e-05	372.62	0.077666	0.0063851	2.3526	4.2094e-321	0.37184	6.7916e-13	6.4673e-321	1444	79.189	27.858
11.9	295.74	9412.7	0.00024448	0.00025972	8.7577e-67	4.7615e-67	0.2516	1.4138e-10	450.52	12.761	0.78609	0.025272	3.4239e-09	2.7493e-11	0.002413	235.6	88.087	0.0011355	326.47	6.8739e-05	0.066799	0.89014	0.31806	94.854	5.8149	1e-05	370.27	0.077542	0.0063758	2.3488	4.2391e-321	0.37195	6.9511e-13	6.5118e-321	1450.3	79.781	28.083
12	295.84	9413.1	0.00024457	0.0002596	2.4343e-67	1.3045e-67	0.25184	1.4152e-10	444.53	12.761	0.78557	0.025525	3.5501e-09	2.8092e-11	0.0024145	233.72	88.086	0.0011358	326.56	6.9783e-05	0.067431	0.8897	0.31824	95.517	5.8149	1e-05	367.95	0.07742	0.0063665	2.345	4.2588e-321	0.37206	7.1124e-13	6.5563e-321	1456.5	80.369	28.308
12.1	295.94	9413.5	0.00024465	0.00025948	6.7661e-68	3.5737e-68	0.25208	1.4165e-10	438.63	12.761	0.78505	0.025778	3.6805e-09	2.8701e-11	0.002416	231.84	88.085	0.0011361	326.64	7.0831e-05	0.068062	0.88926	0.31841	96.176	5.8149	1e-05	365.64	0.077299	0.0063573	2.3413	4.2835e-321	0.37217	7.2756e-13	6.6057e-321	1462.6	80.953	28.533
12.2	296.03	9413.8	0.00024474	0.00025938	1.8807e-68	9.7905e-69	0.25231	1.4178e-10	432.81	12.761	0.78454	0.026033	3.8154e-09	2.9321e-11	0.0024174	229.98	88.084	0.0011365	326.73	7.1884e-05	0.068694	0.88883	0.31856	96.832	5.8149	1e-05	363.34	0.077178	0.0063482	2.3376	4.3083e-321	0.37228	7.4406e-13	6.6551e-321	1468.7	81.533	28.756
12.3	296.13	9414.2	0.00024483	0.00025928	5.2274e-69	2.6822e-69	0.25253	1.4191e-10	427.07	12.761	0.78403	0.026287	3.955e-09	2.9952e-11	0.0024188	228.13	88.083	0.0011368	326.82	7.2943e-05	0.069324	0.88839	0.3187	97.485	5.8149	1e-05	361.06	0.077059	0.0063391	2.3339	4.333e-321	0.37239	7.6074e-13	6.6995e-321	1474.6	82.109	28.98
12.4	296.22	9414.5	0.00024492	0.0002592	1.453e-69	7.3481e-70	0.25275	1.4203e-10	421.4	12.761	0.78353	0.026542	4.0992e-09	3.0594e-11	0.0024202	226.29	88.083	0.0011371	326.91	7.4005e-05	0.069954	0.88796	0.31883	98.134	5.8149	1e-05	358.8	0.076941	0.0063301	2.3303	4.3626e-321	0.3725	7.776e-13	6.7489e-321	1480.5	82.681	29.202
12.5	296.32	9414.8	0.00024501	0.00025912	4.0387e-70	2.0131e-70	0.25297	1.4215e-10	415.82	12.761	0.78302	0.026797	4.2484e-09	3.1247e-11	0.0024216	224.46	88.082	0.0011374	327	7.5073e-05	0.070583	0.88753	0.31895	98.78	5.8149	1e-05	356.55	0.076823	0.0063212	2.3267	4.3873e-321	0.37261	7.9464e-13	6.7983e-321	1486.3	83.25	29.424
12.6	296.41	9415.1	0.0002451	0.00025906	1.1226e-70	5.515e-71	0.25318	1.4227e-10	410.31	12.761	0.78252	0.027053	4.4026e-09	3.1911e-11	0.0024229	222.65	88.081	0.0011377	327.08	7.6144e-05	0.071212	0.8871	0.31905	99.422	5.8149	1e-05	354.32	0.076707	0.0063124	2.3231	4.4169e-321	0.37272	8.1185e-13	6.8477e-321	1492.1	83.814	29.646
12.7	296.51	9415.4	0.0002452	0.000259	3.1202e-71	1.5109e-71	0.25338	1.4238e-10	404.87	12.761	0.78203	0.027309	4.5621e-09	3.2586e-11	0.0024243	220.85	88.08	0.001138	327.17	7.722e-05	0.07184	0.88667	0.31914	100.06	5.8149	1e-05	352.1	0.076592	0.0063037	2.3195	4.4466e-321	0.37283	8.2922e-13	6.8922e-321	1497.7	84.375	29.867
12.8	296.6	9415.7	0.00024529	0.00025895	8.6728e-72	4.1392e-72	0.25358	1.425e-10	399.51	12.761	0.78153	0.027565	4.7269e-09	3.3273e-11	0.0024256	219.06	88.079	0.0011383	327.25	7.83e-05	0.072467	0.88625	0.31922	100.7	5.8149	1e-05	349.9	0.076477	0.006295	2.316	4.4713e-321	0.37294	8.4677e-13	6.9416e-321	1503.3	84.931	30.087
12.9	296.69	9415.9	0.00024538	0.00025891	2.4106e-72	1.134e-72	0.25378	1.4261e-10	394.22	12.761	0.78104	0.027822	4.8973e-09	3.3971e-11	0.0024269	217.28	88.079	0.0011386	327.34	7.9384e-05	0.073093	0.88583	0.31929	101.33	5.8149	1e-05	347.71	0.076364	0.0062864	2.3125	4.5009e-321	0.37305	8.6448e-13	6.991e-321	1508.8	85.484	30.307
13	296.78	9416.1	0.00024548	0.00025888	6.7005e-73	3.1066e-73	0.25397	1.4272e-10	389.01	12.761	0.78056	0.02808	5.0735e-09	3.4682e-11	0.0024282	215.52	88.078	0.0011389	327.42	8.0471e-05	0.073718	0.88541	0.31935	101.96	5.8149	1e-05	345.54	0.076252	0.0062779	2.3091	4.5256e-321	0.37316	8.8236e-13	7.0404e-321	1514.3	86.033	30.526
13.1	296.87	9416.3	0.00024557	0.00025886	1.8624e-73	8.5109e-74	0.25416	1.4282e-10	383.86	12.76	0.78007	0.028337	5.2555e-09	3.5404e-11	0.0024294	213.77	88.077	0.0011392	327.51	8.1563e-05	0.074343	0.88499	0.3194	102.58	5.8149	1e-05	343.39	0.076141	0.0062695	2.3057	4.5503e-321	0.37327	9.004e-13	7.0898e-321	1519.6	86.578	30.744
13.2	296.96	9416.5	0.00024567	0.00025884	5.1767e-74	2.3316e-74	0.25435	1.4293e-10	378.79	12.76	0.77959	0.028595	5.4436e-09	3.6139e-11	0.0024307	212.03	88.076	0.0011395	327.59	8.2657e-05	0.074966	0.88457	0.31943	103.2	5.8149	1e-05	341.24	0.07603	0.0062612	2.3023	4.575e-321	0.37338	9.1859e-13	7.1343e-321	1524.9	87.12	30.962
13.3	297.05	9416.7	0.00024577	0.00025884	1.4389e-74	6.3877e-75	0.25453	1.4303e-10	373.78	12.76	0.77912	0.028854	5.638e-09	3.6886e-11	0.0024319	210.3	88.076	0.0011397	327.68	8.3756e-05	0.075589	0.88416	0.31946	103.82	5.8149	1e-05	339.12	0.075921	0.0062529	2.2989	4.5948e-321	0.37349	9.3693e-13	7.1837e-321	1530.2	87.657	31.18
13.4	297.14	9416.9	0.00024586	0.00025884	3.9995e-75	1.75e-75	0.2547	1.4313e-10	368.85	12.76	0.77865	0.029112	5.8389e-09	3.7646e-11	0.0024331	208.59	88.075	0.00114	327.76	8.4857e-05	0.07621	0.88374	0.31948	104.43	5.8149	1e-05	337.01	0.075813	0.0062447	2.2956	4.6245e-321	0.3736	9.5543e-13	7.2331e-321	1535.3	88.191	31.396
13.5	297.23	9417	0.00024596	0.00025885	1.1117e-75	4.7942e-76	0.25488	1.4322e-10	363.98	12.76	0.77818	0.029372	6.0464e-09	3.8418e-11	0.0024343	206.88	88.074	0.0011403	327.84	8.5962e-05	0.07683	0.88333	0.31949	105.04	5.8149	1e-05	334.91	0.075706	0.0062366	2.2923	4.6442e-321	0.37371	9.7408e-13	7.2825e-321	1540.4	88.721	31.612
13.6	297.32	9417.2	0.00024606	0.00025887	3.09e-76	1.3134e-76	0.25505	1.4332e-10	359.17	12.76	0.77771	0.029631	6.2608e-09	3.9203e-11	0.0024355	205.19	88.073	0.0011406	327.93	8.7069e-05	0.07745	0.88292	0.31949	105.65	5.8149	1e-05	332.83	0.0756	0.0062286	2.2891	4.6739e-321	0.37382	9.9286e-13	7.3369e-321	1545.4	89.247	31.827
13.7	297.41	9417.3	0.00024616	0.0002589	8.5887e-77	3.5982e-77	0.25521	1.4341e-10	354.43	12.76	0.77725	0.029891	6.4823e-09	4.0001e-11	0.0024367	203.52	88.072	0.0011409	328.01	8.818e-05	0.078068	0.88252	0.31948	106.25	5.8149	1e-05	330.77	0.075496	0.0062206	2.2858	4.6936e-321	0.37393	1.0118e-12	7.3912e-321	1550.4	89.769	32.042
13.8	297.49	9417.4	0.00024626	0.00025894	2.3873e-77	9.8577e-78	0.25537	1.435e-10	349.76	12.76	0.77679	0.030151	6.711e-09	4.0813e-11	0.0024379	201.85	88.072	0.0011412	328.09	8.9293e-05	0.078685	0.88211	0.31946	106.85	5.8149	1e-05	328.72	0.075392	0.0062127	2.2826	4.7134e-321	0.37404	1.0309e-12	7.4357e-321	1555.3	90.288	32.256
13.9	297.58	9417.5	0.00024636	0.00025898	6.6355e-78	2.7006e-78	0.25553	1.4359e-10	345.15	12.759	0.77634	0.030411	6.9473e-09	4.1638e-11	0.002439	200.2	88.071	0.0011415	328.17	9.0409e-05	0.0793	0.88171	0.31943	107.45	5.8149	1e-05	326.68	0.075289	0.0062049	2.2795	4.7331e-321	0.37416	1.0501e-12	7.4851e-321	1560.1	90.802	32.469
14	297.67	9417.6	0.00024646	0.00025903	1.8444e-78	7.3985e-79	0.25569	1.4368e-10	340.6	12.759	0.77589	0.030672	7.1913e-09	4.2477e-11	0.0024401	198.56	88.07	0.0011417	328.25	9.1527e-05	0.079915	0.88131	0.3194	108.04	5.8149	1e-05	324.66	0.075187	0.0061972	2.2763	4.7529e-321	0.37427	1.0694e-12	7.5345e-321	1564.8	91.313	32.682
14.1	297.75	9417.6	0.00024656	0.00025909	5.1265e-79	2.0269e-79	0.25584	1.4376e-10	336.11	12.759	0.77544	0.030933	7.4433e-09	4.3329e-11	0.0024412	196.93	88.069	0.001142	328.33	9.2647e-05	0.080528	0.88091	0.31936	108.63	5.8149	1e-05	322.66	0.075086	0.0061896	2.2732	4.7776e-321	0.37438	1.0889e-12	7.5839e-321	1569.5	91.821	32.893
14.2	297.84	9417.7	0.00024666	0.00025916	1.4249e-79	5.5529e-80	0.25599	1.4385e-10	331.68	12.759	0.775	0.031195	7.7034e-09	4.4195e-11	0.0024423	195.31	88.069	0.0011423	328.41	9.377e-05	0.081139	0.88051	0.31931	109.21	5.8149	1e-05	320.67	0.074987	0.006182	2.2702	4.7974e-321	0.37449	1.1085e-12	7.6284e-321	1574.2	92.324	33.104
14.3	297.92	9417.7	0.00024676	0.00025923	3.9607e-80	1.5213e-80	0.25613	1.4393e-10	327.32	12.759	0.77456	0.031457	7.972e-09	4.5076e-11	0.0024434	193.71	88.068	0.0011426	328.49	9.4895e-05	0.08175	0.88012	0.31925	109.79	5.8149	1e-05	318.69	0.074888	0.0061745	2.2671	4.8171e-321	0.37461	1.1282e-12	7.6778e-321	1578.7	92.824	33.315
14.4	298	9417.8	0.00024686	0.00025931	1.1009e-80	4.1676e-81	0.25627	1.4401e-10	323.01	12.759	0.77412	0.031719	8.2493e-09	4.5971e-11	0.0024444	192.11	88.067	0.0011429	328.57	9.6021e-05	0.082359	0.87972	0.31918	110.37	5.8149	1e-05	316.73	0.07479	0.0061671	2.2641	4.8369e-321	0.37472	1.148e-12	7.7272e-321	1583.2	93.32	33.524
14.5	298.09	9417.8	0.00024696	0.00025939	3.06e-81	1.1418e-81	0.25641	1.4409e-10	318.76	12.759	0.77369	0.031981	8.5355e-09	4.688e-11	0.0024455	190.53	88.066	0.0011431	328.65	9.7149e-05	0.082966	0.87933	0.31911	110.94	5.8149	1e-05	314.79	0.074694	0.0061598	2.2612	4.8616e-321	0.37483	1.168e-12	7.7766e-321	1587.7	93.812	33.733
14.6	298.17	9417.8	0.00024707	0.00025949	8.5054e-82	3.128e-82	0.25655	1.4416e-10	314.57	12.759	0.77326	0.032244	8.8308e-09	4.7805e-11	0.0024465	188.96	88.066	0.0011434	328.73	9.8279e-05	0.083572	0.87894	0.31903	111.51	5.8149	1e-05	312.86	0.074598	0.0061525	2.2582	4.8863e-321	0.37495	1.188e-12	7.826e-321	1592	94.301	33.941
14.7	298.25	9417.8	0.00024717	0.00025958	2.3641e-82	8.5693e-83	0.25668	1.4424e-10	310.44	12.758	0.77284	0.032507	9.1356e-09	4.8744e-11	0.0024475	187.41	88.065	0.0011437	328.81	9.941e-05	0.084176	0.87856	0.31895	112.08	5.8149	1e-05	310.94	0.074504	0.0061454	2.2553	4.911e-321	0.37506	1.2082e-12	7.8754e-321	1596.4	94.786	34.149
14.8	298.33	9417.8	0.00024727	0.00025969	6.5711e-83	2.3476e-83	0.25681	1.4431e-10	306.36	12.758	0.77242	0.03277	9.4502e-09	4.9698e-11	0.0024485	185.86	88.064	0.0011439	328.89	0.00010054	0.084779	0.87817	0.31885	112.64	5.8149	1e-05	309.04	0.07441	0.0061383	2.2524	4.9357e-321	0.37517	1.2284e-12	7.9199e-321	1600.6	95.267	34.355
14.9	298.41	9417.8	0.00024737	0.0002598	1.8265e-83	6.4316e-84	0.25694	1.4438e-10	302.34	12.758	0.772	0.033034	9.7747e-09	5.0668e-11	0.0024495	184.33	88.063	0.0011442	328.96	0.00010168	0.08538	0.87779	0.31875	113.2	5.8149	1e-05	307.15	0.074318	0.0061312	2.2496	4.9604e-321	0.37529	1.2488e-12	7.9643e-321	1604.8	95.745	34.561
15	298.49	9417.8	0.00024748	0.00025992	5.0768e-84	1.762e-84	0.25706	1.4445e-10	298.37	12.758	0.77159	0.033297	1.0109e-08	5.1653e-11	0.0024504	182.81	88.063	0.0011445	329.04	0.00010281	0.08598	0.87741	0.31865	113.76	5.8149	1e-05	305.28	0.074226	0.0061243	2.2468	4.9802e-321	0.3754	1.2693e-12	8.0088e-321	1609	96.219	34.766
15.1	298.57	9417.7	0.00024758	0.00026004	1.4111e-84	4.8271e-85	0.25719	1.4452e-10	294.46	12.758	0.77118	0.033561	1.0455e-08	5.2654e-11	0.0024514	181.3	88.062	0.0011447	329.12	0.00010395	0.086577	0.87703	0.31854	114.31	5.8149	1e-05	303.42	0.074136	0.0061174	2.244	5.0049e-321	0.37552	1.2898e-12	8.0533e-321	1613	96.69	34.97
15.2	298.65	9417.7	0.00024768	0.00026017	3.9223e-85	1.3224e-85	0.25731	1.4459e-10	290.59	12.758	0.77077	0.033826	1.0811e-08	5.3671e-11	0.0024523	179.81	88.061	0.001145	329.19	0.00010508	0.087173	0.87665	0.31842	114.86	5.8149	1e-05	301.57	0.074046	0.0061106	2.2412	5.0296e-321	0.37563	1.3105e-12	8.1027e-321	1617.1	97.156	35.174
15.3	298.73	9417.7	0.00024778	0.0002603	1.0902e-85	3.6229e-86	0.25742	1.4466e-10	286.79	12.757	0.77037	0.03409	1.1178e-08	5.4704e-11	0.0024532	178.32	88.061	0.0011453	329.27	0.00010622	0.087767	0.87628	0.3183	115.4	5.8149	1e-05	299.74	0.073958	0.0061039	2.2385	5.0543e-321	0.37575	1.3312e-12	8.1521e-321	1621	97.619	35.376
15.4	298.81	9417.6	0.00024789	0.00026044	3.0303e-86	9.9253e-87	0.25754	1.4472e-10	283.03	12.757	0.76997	0.034355	1.1557e-08	5.5753e-11	0.0024541	176.85	88.06	0.0011455	329.34	0.00010736	0.08836	0.8759	0.31817	115.94	5.8149	1e-05	297.93	0.07387	0.0060973	2.2358	5.079e-321	0.37586	1.352e-12	8.1965e-321	1625	98.079	35.578
15.5	298.89	9417.5	0.00024799	0.00026058	8.4229e-87	2.7191e-87	0.25765	1.4478e-10	279.32	12.757	0.76958	0.034621	1.1947e-08	5.6819e-11	0.002455	175.39	88.059	0.0011458	329.42	0.0001085	0.08895	0.87553	0.31804	116.48	5.8149	1e-05	296.13	0.073783	0.0060907	2.2331	5.1037e-321	0.37598	1.3729e-12	8.241e-321	1628.8	98.535	35.779
15.6	298.97	9417.5	0.00024809	0.00026073	2.3412e-87	7.4493e-88	0.25776	1.4485e-10	275.67	12.757	0.76919	0.034886	1.235e-08	5.7901e-11	0.0024559	173.94	88.058	0.0011461	329.49	0.00010963	0.089539	0.87517	0.3179	117.01	5.8149	1e-05	294.34	0.073698	0.0060842	2.2305	5.1235e-321	0.37609	1.3939e-12	8.2855e-321	1632.6	98.987	35.979
15.7	299.04	9417.4	0.00024819	0.00026089	6.5074e-88	2.0408e-88	0.25787	1.4491e-10	272.06	12.757	0.7688	0.035152	1.2764e-08	5.9001e-11	0.0024568	172.51	88.058	0.0011463	329.57	0.00011077	0.090125	0.8748	0.31776	117.54	5.8149	1e-05	292.57	0.073613	0.0060777	2.2279	5.1432e-321	0.37621	1.4149e-12	8.3349e-321	1636.4	99.436	36.178
15.8	299.12	9417.3	0.00024829	0.00026104	1.8088e-88	5.591e-89	0.25797	1.4497e-10	268.51	12.757	0.76842	0.035418	1.3192e-08	6.0118e-11	0.0024576	171.08	88.057	0.0011466	329.64	0.00011191	0.09071	0.87444	0.31762	118.06	5.8149	1e-05	290.81	0.073529	0.0060714	2.2253	5.163e-321	0.37632	1.436e-12	8.3843e-321	1640.1	99.881	36.377
15.9	299.2	9417.3	0.0002484	0.0002612	5.0275e-89	1.5317e-89	0.25808	1.4502e-10	265	12.756	0.76804	0.035684	1.3632e-08	6.1252e-11	0.0024584	169.67	88.056	0.0011468	329.71	0.00011305	0.091293	0.87407	0.31747	118.58	5.8149	1e-05	289.07	0.073447	0.0060651	2.2228	5.1827e-321	0.37644	1.4572e-12	8.4337e-321	1643.7	100.32	36.574
16	299.27	9417.2	0.0002485	0.00026137	1.3974e-89	4.1962e-90	0.25818	1.4508e-10	261.54	12.756	0.76767	0.03595	1.4086e-08	6.2403e-11	0.0024592	168.27	88.056	0.0011471	329.78	0.00011418	0.091873	0.87371	0.31731	119.1	5.8149	1e-05	287.34	0.073365	0.0060589	2.2202	5.2025e-321	0.37656	1.4784e-12	8.4831e-321	1647.3	100.76	36.771
16.1	299.35	9417.1	0.0002486	0.00026154	3.8842e-90	1.1496e-90	0.25828	1.4514e-10	258.13	12.756	0.7673	0.036217	1.4553e-08	6.3572e-11	0.00246	166.88	88.055	0.0011473	329.86	0.00011532	0.092452	0.87335	0.31715	119.62	5.8149	1e-05	285.63	0.073284	0.0060527	2.2178	5.2272e-321	0.37667	1.4997e-12	8.5325e-321	1650.9	101.2	36.967
16.2	299.42	9417	0.0002487	0.00026171	1.0796e-90	3.1494e-91	0.25838	1.4519e-10	254.76	12.756	0.76693	0.036484	1.5034e-08	6.476e-11	0.0024608	165.5	88.054	0.0011476	329.93	0.00011646	0.093028	0.873	0.31699	120.13	5.8149	1e-05	283.92	0.073204	0.0060466	2.2153	5.242e-321	0.37679	1.5211e-12	8.5819e-321	1654.4	101.63	37.162
16.3	299.5	9416.9	0.0002488	0.00026189	3.0009e-91	8.6281e-92	0.25847	1.4525e-10	251.44	12.756	0.76657	0.036751	1.553e-08	6.5965e-11	0.0024616	164.14	88.054	0.0011478	330	0.00011759	0.093602	0.87265	0.31682	120.63	5.8149	1e-05	282.24	0.073125	0.0060406	2.2129	5.2569e-321	0.37691	1.5424e-12	8.6214e-321	1657.8	102.05	37.356
16.4	299.57	9416.8	0.0002489	0.00026207	8.3412e-92	2.3638e-92	0.25856	1.453e-10	248.16	12.756	0.76621	0.037018	1.604e-08	6.7189e-11	0.0024623	162.79	88.053	0.0011481	330.07	0.00011873	0.094174	0.87229	0.31665	121.13	5.8149	1e-05	280.57	0.073047	0.0060347	2.2105	5.2766e-321	0.37702	1.5639e-12	8.6659e-321	1661.2	102.48	37.549
16.5	299.64	9416.7	0.000249	0.00026225	2.3185e-92	6.4757e-93	0.25865	1.4535e-10	244.93	12.755	0.76586	0.037285	1.6565e-08	6.8431e-11	0.0024631	161.44	88.052	0.0011483	330.14	0.00011986	0.094744	0.87194	0.31648	121.63	5.8149	1e-05	278.91	0.07297	0.0060288	2.2081	5.2964e-321	0.37714	1.5853e-12	8.7054e-321	1664.6	102.9	37.741
16.6	299.72	9416.6	0.0002491	0.00026244	6.4443e-93	1.7741e-93	0.25874	1.454e-10	241.75	12.755	0.76551	0.037553	1.7106e-08	6.9693e-11	0.0024638	160.11	88.051	0.0011485	330.21	0.00012099	0.095311	0.8716	0.3163	122.13	5.8149	1e-05	277.26	0.072893	0.006023	2.2057	5.3211e-321	0.37726	1.6068e-12	8.7499e-321	1667.9	103.32	37.932
16.7	299.79	9416.5	0.0002492	0.00026263	1.7912e-93	4.8602e-94	0.25883	1.4545e-10	238.61	12.755	0.76516	0.037821	1.7662e-08	7.0973e-11	0.0024645	158.79	88.051	0.0011488	330.28	0.00012212	0.095877	0.87125	0.31612	122.62	5.8149	1e-05	275.63	0.072818	0.0060173	2.2034	5.3458e-321	0.37737	1.6284e-12	8.7993e-321	1671.1	103.73	38.122
16.8	299.86	9416.4	0.0002493	0.00026282	4.9788e-94	1.3315e-94	0.25892	1.455e-10	235.51	12.755	0.76482	0.038089	1.8234e-08	7.2272e-11	0.0024652	157.49	88.05	0.001149	330.35	0.00012325	0.096439	0.87091	0.31593	123.11	5.8149	1e-05	274.01	0.072743	0.0060116	2.2011	5.3705e-321	0.37749	1.6499e-12	8.8388e-321	1674.3	104.14	38.312
16.9	299.93	9416.3	0.0002494	0.00026302	1.3839e-94	3.6478e-95	0.259	1.4554e-10	232.45	12.755	0.76448	0.038358	1.8823e-08	7.3591e-11	0.0024659	156.19	88.049	0.0011493	330.42	0.00012438	0.097	0.87057	0.31575	123.59	5.8149	1e-05	272.41	0.07267	0.006006	2.1988	5.3903e-321	0.37761	1.6715e-12	8.8833e-321	1677.5	104.55	38.5
17	300	9416.2	0.00024949	0.00026321	3.8465e-95	9.9934e-96	0.25908	1.4559e-10	229.44	12.754	0.76414	0.038626	1.9429e-08	7.4929e-11	0.0024666	154.91	88.049	0.0011495	330.48	0.00012551	0.097558	0.87023	0.31556	124.07	5.8149	1e-05	270.82	0.072597	0.0060004	2.1966	5.415e-321	0.37773	1.6931e-12	8.9327e-321	1680.6	104.95	38.688
17.1	300.07	9416.1	0.00024959	0.00026341	1.0692e-95	2.7378e-96	0.25916	1.4564e-10	226.47	12.754	0.76381	0.038895	2.0051e-08	7.6288e-11	0.0024672	153.63	88.048	0.0011497	330.55	0.00012663	0.098114	0.86989	0.31537	124.55	5.8149	1e-05	269.25	0.072525	0.0059949	2.1944	5.4347e-321	0.37784	1.7147e-12	8.9772e-321	1683.7	105.35	38.874
17.2	300.14	9416	0.00024969	0.00026361	2.9718e-96	7.5004e-97	0.25924	1.4568e-10	223.54	12.754	0.76348	0.039164	2.0691e-08	7.7666e-11	0.0024679	152.37	88.047	0.00115	330.62	0.00012775	0.098667	0.86956	0.31517	125.02	5.8149	1e-05	267.69	0.072454	0.0059895	2.1922	5.4495e-321	0.37796	1.7364e-12	9.0266e-321	1686.7	105.74	39.06
17.3	300.21	9415.9	0.00024978	0.00026382	8.2603e-97	2.0548e-97	0.25932	1.4572e-10	220.64	12.754	0.76316	0.039433	2.1349e-08	7.9065e-11	0.0024685	151.12	88.047	0.0011502	330.68	0.00012887	0.099217	0.86923	0.31497	125.49	5.8149	1e-05	266.14	0.072383	0.0059842	2.19	5.4693e-321	0.37808	1.758e-12	9.071e-321	1689.7	106.14	39.244
17.4	300.28	9415.8	0.00024988	0.00026402	2.296e-97	5.6293e-98	0.2594	1.4577e-10	217.79	12.754	0.76284	0.039702	2.2026e-08	8.0483e-11	0.0024691	149.88	88.046	0.0011504	330.75	0.00012999	0.099765	0.8689	0.31477	125.95	5.8149	1e-05	264.61	0.072314	0.0059789	2.1879	5.4891e-321	0.3782	1.7797e-12	9.1106e-321	1692.6	106.53	39.428
17.5	300.35	9415.7	0.00024997	0.00026423	6.3818e-98	1.5422e-98	0.25947	1.4581e-10	214.98	12.754	0.76252	0.039972	2.272e-08	8.1923e-11	0.0024697	148.66	88.045	0.0011507	330.82	0.0001311	0.10031	0.86857	0.31457	126.42	5.8149	1e-05	263.09	0.072245	0.0059736	2.1858	5.5088e-321	0.37831	1.8013e-12	9.1501e-321	1695.5	106.91	39.61
17.6	300.42	9415.6	0.00025007	0.00026444	1.7738e-98	4.225e-99	0.25954	1.4585e-10	212.21	12.753	0.76221	0.040242	2.3434e-08	8.3383e-11	0.0024703	147.44	88.045	0.0011509	330.88	0.00013222	0.10085	0.86824	0.31437	126.87	5.8149	1e-05	261.58	0.072177	0.0059685	2.1837	5.5335e-321	0.37843	1.8229e-12	9.1896e-321	1698.4	107.29	39.792
17.7	300.49	9415.5	0.00025016	0.00026465	4.9305e-99	1.1575e-99	0.25961	1.4589e-10	209.48	12.753	0.7619	0.040512	2.4167e-08	8.4865e-11	0.0024709	146.24	88.044	0.0011511	330.95	0.00013333	0.10139	0.86792	0.31416	127.33	5.8149	1e-05	260.09	0.07211	0.0059634	2.1816	5.5533e-321	0.37855	1.8446e-12	9.2341e-321	1701.2	107.67	39.972
17.8	300.55	9415.4	0.00025025	0.00026486	1.3705e-99	3.171e-100	0.25968	1.4593e-10	206.78	12.753	0.7616	0.040782	2.492e-08	8.6367e-11	0.0024714	145.04	88.043	0.0011513	331.01	0.00013443	0.10193	0.8676	0.31395	127.78	5.8149	1e-05	258.61	0.072044	0.0059583	2.1796	5.5731e-321	0.37867	1.8662e-12	9.2736e-321	1704	108.05	40.152
17.9	300.62	9415.3	0.00025034	0.00026507	3.8092e-100	8.6873e-101	0.25975	1.4597e-10	204.12	12.753	0.7613	0.041052	2.5693e-08	8.7891e-11	0.002472	143.86	88.043	0.0011516	331.07	0.00013554	0.10247	0.86728	0.31375	128.22	5.8149	1e-05	257.14	0.071979	0.0059533	2.1776	5.5928e-321	0.37879	1.8878e-12	9.3181e-321	1706.7	108.42	40.33
18	300.69	9415.2	0.00025044	0.00026529	1.0588e-100	2.38e-101	0.25982	1.46e-10	201.5	12.753	0.761	0.041322	2.6486e-08	8.9437e-11	0.0024725	142.69	88.042	0.0011518	331.14	0.00013664	0.103	0.86696	0.31353	128.67	5.8149	1e-05	255.69	0.071914	0.0059484	2.1756	5.6126e-321	0.3789	1.9094e-12	9.3477e-321	1709.4	108.79	40.507
18.1	300.75	9415.1	0.00025053	0.0002655	2.943e-101	6.5201e-102	0.25988	1.4604e-10	198.92	12.752	0.76071	0.041593	2.73e-08	9.1004e-11	0.0024731	141.53	88.042	0.001152	331.2	0.00013774	0.10353	0.86665	0.31332	129.11	5.8149	1e-05	254.25	0.07185	0.0059436	2.1736	5.6274e-321	0.37902	1.931e-12	9.3872e-321	1712.1	109.16	40.684
18.2	300.82	9415	0.00025062	0.00026572	8.1801e-102	1.7863e-102	0.25995	1.4608e-10	196.37	12.752	0.76042	0.041864	2.8135e-08	9.2594e-11	0.0024736	140.38	88.041	0.0011522	331.26	0.00013883	0.10405	0.86634	0.31311	129.54	5.8149	1e-05	252.83	0.071787	0.0059387	2.1717	5.6472e-321	0.37914	1.9526e-12	9.4268e-321	1714.7	109.52	40.859
18.3	300.88	9414.9	0.0002507	0.00026593	2.2737e-102	4.8936e-103	0.26001	1.4611e-10	193.86	12.752	0.76013	0.042135	2.8992e-08	9.4205e-11	0.0024741	139.24	88.04	0.0011524	331.32	0.00013992	0.10458	0.86603	0.31289	129.97	5.8149	1e-05	251.41	0.071725	0.005934	2.1698	5.6719e-321	0.37926	1.9741e-12	9.4614e-321	1717.2	109.88	41.033
18.4	300.95	9414.8	0.00025079	0.00026615	6.3199e-103	1.3406e-103	0.26007	1.4615e-10	191.38	12.752	0.75985	0.042406	2.9871e-08	9.5839e-11	0.0024746	138.12	88.04	0.0011526	331.39	0.00014101	0.1051	0.86572	0.31268	130.4	5.8149	1e-05	250.02	0.071664	0.0059293	2.1679	5.6966e-321	0.37938	1.9956e-12	9.5009e-321	1719.8	110.23	41.206
18.5	301.01	9414.7	0.00025088	0.00026637	1.7566e-103	3.6728e-104	0.26013	1.4618e-10	188.94	12.752	0.75957	0.042677	3.0771e-08	9.7495e-11	0.002475	137	88.039	0.0011529	331.45	0.00014209	0.10561	0.86542	0.31246	130.82	5.8149	1e-05	248.63	0.071603	0.0059247	2.166	5.7114e-321	0.37949	2.017e-12	9.5503e-321	1722.3	110.59	41.378
18.6	301.08	9414.6	0.00025097	0.00026658	4.8827e-104	1.0062e-104	0.26019	1.4621e-10	186.53	12.751	0.75929	0.042948	3.1695e-08	9.9174e-11	0.0024755	135.9	88.038	0.0011531	331.51	0.00014318	0.10613	0.86511	0.31224	131.24	5.8149	1e-05	247.26	0.071543	0.0059201	2.1641	5.7312e-321	0.37961	2.0384e-12	9.5898e-321	1724.7	110.94	41.549
18.7	301.14	9414.5	0.00025105	0.0002668	1.3572e-104	2.7566e-105	0.26025	1.4625e-10	184.16	12.751	0.75902	0.04322	3.2641e-08	1.0088e-10	0.0024759	134.8	88.038	0.0011533	331.57	0.00014425	0.10664	0.86481	0.31202	131.66	5.8149	1e-05	245.9	0.071484	0.0059156	2.1623	5.7509e-321	0.37973	2.0598e-12	9.6343e-321	1727.2	111.28	41.719
18.8	301.2	9414.5	0.00025114	0.00026702	3.7723e-105	7.5519e-106	0.26031	1.4628e-10	181.82	12.751	0.75875	0.043491	3.361e-08	1.026e-10	0.0024764	133.72	88.037	0.0011535	331.63	0.00014532	0.10715	0.86451	0.3118	132.07	5.8149	1e-05	244.55	0.071425	0.0059111	2.1605	5.7707e-321	0.37984	2.0811e-12	9.6738e-321	1729.6	111.62	41.888
18.9	301.27	9414.4	0.00025122	0.00026723	1.0485e-105	2.0689e-106	0.26036	1.4631e-10	179.52	12.751	0.75849	0.043763	3.4603e-08	1.0435e-10	0.0024768	132.65	88.037	0.0011537	331.69	0.00014639	0.10765	0.86422	0.31158	132.48	5.8149	1e-05	243.22	0.071367	0.0059067	2.1587	5.7855e-321	0.37996	2.1024e-12	9.7183e-321	1731.9	111.96	42.056
19	301.33	9414.3	0.00025131	0.00026745	2.9144e-106	5.668e-107	0.26042	1.4634e-10	177.25	12.751	0.75823	0.044035	3.5619e-08	1.0612e-10	0.0024772	131.59	88.036	0.0011539	331.75	0.00014745	0.10816	0.86392	0.31136	132.89	5.8149	1e-05	241.9	0.07131	0.0059023	2.157	5.8053e-321	0.38008	2.1236e-12	9.7627e-321	1734.2	112.3	42.222
19.1	301.39	9414.3	0.00025139	0.00026767	8.1008e-107	1.5528e-107	0.26047	1.4637e-10	175.01	12.75	0.75797	0.044307	3.666e-08	1.0791e-10	0.0024776	130.54	88.035	0.0011541	331.8	0.00014851	0.10866	0.86363	0.31114	133.29	5.8149	1e-05	240.6	0.071254	0.005898	2.1552	5.8201e-321	0.38019	2.1448e-12	9.7973e-321	1736.5	112.63	42.387
19.2	301.45	9414.2	0.00025147	0.00026788	2.2517e-107	4.254e-108	0.26052	1.464e-10	172.8	12.75	0.75772	0.04458	3.7725e-08	1.0973e-10	0.002478	129.5	88.035	0.0011543	331.86	0.00014957	0.10915	0.86334	0.31092	133.69	5.8149	1e-05	239.31	0.071198	0.0058937	2.1535	5.8349e-321	0.38031	2.1659e-12	9.8368e-321	1738.7	112.96	42.552
19.3	301.51	9414.1	0.00025155	0.0002681	6.2586e-108	1.1654e-108	0.26057	1.4643e-10	170.62	12.75	0.75747	0.044852	3.8815e-08	1.1157e-10	0.0024784	128.47	88.034	0.0011545	331.92	0.00015062	0.10965	0.86306	0.31069	134.08	5.8149	1e-05	238.03	0.071143	0.0058895	2.1518	5.8497e-321	0.38043	2.1869e-12	9.8813e-321	1741	113.29	42.715
19.4	301.57	9414.1	0.00025163	0.00026832	1.7396e-108	3.1928e-109	0.26063	1.4646e-10	168.48	12.75	0.75722	0.045125	3.993e-08	1.1344e-10	0.0024788	127.45	88.034	0.0011547	331.98	0.00015166	0.11013	0.86277	0.31047	134.47	5.8149	1e-05	236.76	0.071089	0.0058854	2.1502	5.8646e-321	0.38054	2.2078e-12	9.9258e-321	1743.1	113.61	42.877
19.5	301.63	9414	0.00025171	0.00026853	4.8353e-109	8.7469e-110	0.26067	1.4649e-10	166.36	12.75	0.75698	0.045397	4.107e-08	1.1533e-10	0.0024791	126.45	88.033	0.0011549	332.03	0.0001527	0.11062	0.86249	0.31025	134.86	5.8149	1e-05	235.51	0.071035	0.0058813	2.1485	5.8893e-321	0.38066	2.2287e-12	9.9653e-321	1745.3	113.93	43.037
19.6	301.69	9414	0.00025179	0.00026875	1.344e-109	2.3963e-110	0.26072	1.4651e-10	164.28	12.749	0.75674	0.04567	4.2235e-08	1.1724e-10	0.0024795	125.45	88.032	0.0011551	332.09	0.00015374	0.1111	0.86221	0.31003	135.24	5.8149	1e-05	234.27	0.070982	0.0058772	2.1469	5.9041e-321	0.38077	2.2495e-12	9.9999e-321	1747.4	114.25	43.197
19.7	301.75	9413.9	0.00025186	0.00026896	3.7357e-110	6.5649e-111	0.26077	1.4654e-10	162.23	12.749	0.7565	0.045943	4.3426e-08	1.1918e-10	0.0024798	124.46	88.032	0.0011553	332.14	0.00015477	0.11158	0.86193	0.3098	135.62	5.8149	1e-05	233.04	0.07093	0.0058732	2.1453	5.9189e-321	0.38089	2.2703e-12	1.0039e-320	1749.5	114.56	43.355
19.8	301.81	9413.9	0.00025194	0.00026917	1.0384e-110	1.7985e-111	0.26082	1.4657e-10	160.21	12.749	0.75627	0.046216	4.4644e-08	1.2114e-10	0.0024801	123.49	88.031	0.0011555	332.2	0.00015579	0.11206	0.86166	0.30958	135.99	5.8149	1e-05	231.82	0.070879	0.0058693	2.1437	5.9337e-321	0.381	2.2909e-12	1.0074e-320	1751.5	114.87	43.513
19.9	301.87	9413.9	0.00025202	0.00026938	2.8862e-111	4.9272e-112	0.26086	1.4659e-10	158.21	12.749	0.75604	0.046489	4.5887e-08	1.2312e-10	0.0024805	122.52	88.031	0.0011557	332.25	0.00015681	0.11253	0.86139	0.30936	136.36	5.8149	1e-05	230.62	0.070828	0.0058654	2.1421	5.9486e-321	0.38112	2.3115e-12	1.0109e-320	1753.5	115.18	43.669
20	301.92	9413.8	0.00025209	0.0002696	8.0222e-112	1.3498e-112	0.26091	1.4662e-10	156.25	12.749	0.75582	0.046762	4.7157e-08	1.2513e-10	0.0024808	121.57	88.03	0.0011558	332.31	0.00015783	0.113	0.86112	0.30913	136.73	5.8149	1e-05	229.43	0.070778	0.0058616	2.1406	5.9733e-321	0.38123	2.332e-12	1.0148e-320	1755.5	115.48	43.824
20.1	301.98	9413.8	0.00025216	0.0002698	2.2298e-112	3.698e-113	0.26095	1.4664e-10	154.32	12.748	0.75559	0.047036	4.8453e-08	1.2717e-10	0.0024811	120.63	88.029	0.001156	332.36	0.00015883	0.11347	0.86085	0.30891	137.1	5.8149	1e-05	228.26	0.070728	0.0058578	2.139	5.9881e-321	0.38135	2.3524e-12	1.0183e-320	1757.5	115.78	43.977
20.2	302.04	9413.8	0.00025224	0.00027001	6.1979e-113	1.0131e-113	0.26099	1.4666e-10	152.41	12.748	0.75537	0.047309	4.9776e-08	1.2923e-10	0.0024813	119.69	88.029	0.0011562	332.41	0.00015984	0.11393	0.86058	0.30869	137.46	5.8149	1e-05	227.09	0.070679	0.005854	2.1375	6.0078e-321	0.38146	2.3726e-12	1.0222e-320	1759.4	116.08	44.13
20.3	302.09	9413.8	0.00025231	0.00027022	1.7227e-113	2.7755e-114	0.26104	1.4669e-10	150.53	12.748	0.75516	0.047583	5.1126e-08	1.3131e-10	0.0024816	118.77	88.028	0.0011564	332.47	0.00016083	0.11439	0.86032	0.30847	137.81	5.8149	1e-05	225.94	0.070631	0.0058503	2.136	6.0276e-321	0.38157	2.3928e-12	1.0262e-320	1761.3	116.37	44.281
20.4	302.15	9413.7	0.00025238	0.00027043	4.7884e-114	7.6037e-115	0.26108	1.4671e-10	148.68	12.748	0.75495	0.047857	5.2503e-08	1.3342e-10	0.0024819	117.86	88.028	0.0011566	332.52	0.00016182	0.11485	0.86006	0.30825	138.17	5.8149	1e-05	224.81	0.070583	0.0058467	2.1346	6.0424e-321	0.38168	2.4129e-12	1.0296e-320	1763.1	116.66	44.431
20.5	302.2	9413.7	0.00025245	0.00027063	1.331e-114	2.0831e-115	0.26112	1.4673e-10	146.86	12.748	0.75474	0.048131	5.3906e-08	1.3555e-10	0.0024821	116.96	88.027	0.0011568	332.57	0.00016281	0.1153	0.8598	0.30802	138.52	5.8149	1e-05	223.68	0.070536	0.0058431	2.1331	6.0572e-321	0.3818	2.4329e-12	1.0331e-320	1765	116.95	44.579
20.6	302.26	9413.7	0.00025252	0.00027084	3.6995e-115	5.7069e-116	0.26116	1.4676e-10	145.07	12.748	0.75453	0.048404	5.5337e-08	1.3771e-10	0.0024824	116.07	88.027	0.0011569	332.62	0.00016379	0.11575	0.85955	0.3078	138.86	5.8149	1e-05	222.57	0.07049	0.0058395	2.1317	6.0721e-321	0.38191	2.4528e-12	1.037e-320	1766.8	117.23	44.727
20.7	302.31	9413.7	0.00025259	0.00027104	1.0283e-115	1.5634e-116	0.26119	1.4678e-10	143.3	12.747	0.75433	0.048679	5.6796e-08	1.3989e-10	0.0024826	115.18	88.026	0.0011571	332.67	0.00016476	0.11619	0.85929	0.30759	139.21	5.8149	1e-05	221.47	0.070444	0.005836	2.1303	6.0869e-321	0.38202	2.4725e-12	1.04e-320	1768.5	117.51	44.873
20.8	302.37	9413.7	0.00025265	0.00027124	2.8582e-116	4.2832e-117	0.26123	1.468e-10	141.56	12.747	0.75413	0.048953	5.8281e-08	1.4209e-10	0.0024828	114.31	88.026	0.0011573	332.72	0.00016572	0.11663	0.85904	0.30737	139.54	5.8149	1e-05	220.38	0.070399	0.0058325	2.1289	6.1067e-321	0.38213	2.4922e-12	1.044e-320	1770.3	117.79	45.018
20.9	302.42	9413.7	0.00025272	0.00027144	7.9444e-117	1.1734e-117	0.26127	1.4682e-10	139.85	12.747	0.75393	0.049227	5.9794e-08	1.4432e-10	0.0024831	113.45	88.025	0.0011575	332.77	0.00016668	0.11707	0.85879	0.30715	139.88	5.8149	1e-05	219.3	0.070354	0.0058291	2.1275	6.1215e-321	0.38224	2.5117e-12	1.0479e-320	1772	118.07	45.162
21	302.47	9413.7	0.00025278	0.00027163	2.2082e-117	3.2147e-118	0.26131	1.4684e-10	138.16	12.747	0.75374	0.049501	6.1334e-08	1.4658e-10	0.0024833	112.6	88.025	0.0011576	332.82	0.00016763	0.11751	0.85855	0.30693	140.21	5.8149	1e-05	218.24	0.07031	0.0058257	2.1262	6.1363e-321	0.38235	2.5311e-12	1.0514e-320	1773.7	118.34	45.304
21.1	302.52	9413.7	0.00025285	0.00027183	6.1378e-118	8.807e-119	0.26134	1.4686e-10	136.5	12.747	0.75355	0.049776	6.2901e-08	1.4886e-10	0.0024835	111.76	88.024	0.0011578	332.87	0.00016858	0.11794	0.8583	0.30671	140.54	5.8149	1e-05	217.19	0.070267	0.0058224	2.1248	6.1561e-321	0.38246	2.5504e-12	1.0548e-320	1775.4	118.61	45.445
21.2	302.58	9413.8	0.00025291	0.00027202	1.706e-118	2.4127e-119	0.26138	1.4688e-10	134.87	12.746	0.75336	0.050051	6.4495e-08	1.5116e-10	0.0024837	110.93	88.023	0.001158	332.92	0.00016952	0.11836	0.85806	0.3065	140.86	5.8149	1e-05	216.16	0.070224	0.0058191	2.1235	6.1758e-321	0.38257	2.5696e-12	1.0583e-320	1777	118.87	45.585
21.3	302.63	9413.8	0.00025297	0.00027222	4.742e-119	6.6099e-120	0.26141	1.469e-10	133.26	12.746	0.75318	0.050325	6.6117e-08	1.5349e-10	0.0024838	110.11	88.023	0.0011581	332.96	0.00017045	0.11878	0.85782	0.30629	141.18	5.8149	1e-05	215.13	0.070182	0.0058159	2.1222	6.1906e-321	0.38268	2.5886e-12	1.0627e-320	1778.6	119.14	45.723
21.4	302.68	9413.8	0.00025303	0.00027241	1.318e-119	1.8109e-120	0.26144	1.4692e-10	131.67	12.746	0.753	0.0506	6.7765e-08	1.5584e-10	0.002484	109.3	88.022	0.0011583	333.01	0.00017137	0.1192	0.85759	0.30607	141.5	5.8149	1e-05	214.12	0.07014	0.0058127	2.1209	6.2055e-321	0.38278	2.6075e-12	1.0667e-320	1780.2	119.4	45.86
21.5	302.73	9413.8	0.00025309	0.0002726	3.6636e-120	4.961e-121	0.26148	1.4694e-10	130.11	12.746	0.75282	0.050875	6.944e-08	1.5821e-10	0.0024842	108.5	88.022	0.0011585	333.06	0.00017229	0.11962	0.85735	0.30586	141.81	5.8149	1e-05	213.12	0.070099	0.0058095	2.1197	6.2203e-321	0.38289	2.6262e-12	1.0697e-320	1781.7	119.65	45.996
21.6	302.78	9413.9	0.00025315	0.00027278	1.0183e-120	1.3591e-121	0.26151	1.4695e-10	128.58	12.746	0.75265	0.05115	7.1142e-08	1.6061e-10	0.0024843	107.71	88.021	0.0011586	333.1	0.0001732	0.12003	0.85712	0.30565	142.12	5.8149	1e-05	212.13	0.070059	0.0058064	2.1184	6.2351e-321	0.383	2.6449e-12	1.0726e-320	1783.3	119.9	46.131
21.7	302.83	9413.9	0.00025321	0.00027297	2.8304e-121	3.7234e-122	0.26154	1.4697e-10	127.07	12.745	0.75247	0.051425	7.2871e-08	1.6303e-10	0.0024845	106.93	88.021	0.0011588	333.15	0.0001741	0.12044	0.8569	0.30544	142.42	5.8149	1e-05	211.15	0.070019	0.0058034	2.1172	6.2499e-321	0.3831	2.6633e-12	1.0761e-320	1784.8	120.15	46.264
21.8	302.88	9413.9	0.00025327	0.00027315	7.8673e-122	1.0201e-122	0.26157	1.4699e-10	125.58	12.745	0.75231	0.0517	7.4626e-08	1.6548e-10	0.0024846	106.16	88.02	0.0011589	333.19	0.000175	0.12084	0.85667	0.30523	142.73	5.8149	1e-05	210.19	0.06998	0.0058004	2.116	6.2648e-321	0.3832	2.6817e-12	1.0795e-320	1786.3	120.4	46.396
21.9	302.92	9414	0.00025333	0.00027333	2.1868e-122	2.7945e-123	0.2616	1.4701e-10	124.12	12.745	0.75214	0.051975	7.6406e-08	1.6794e-10	0.0024848	105.4	88.02	0.0011591	333.24	0.00017589	0.12124	0.85645	0.30502	143.02	5.8149	1e-05	209.24	0.069941	0.0057974	2.1148	6.2845e-321	0.38331	2.6999e-12	1.083e-320	1787.7	120.65	46.526
22	302.97	9414	0.00025338	0.00027351	6.0782e-123	7.6559e-124	0.26163	1.4702e-10	122.68	12.745	0.75198	0.052251	7.8213e-08	1.7044e-10	0.0024849	104.65	88.019	0.0011592	333.28	0.00017677	0.12163	0.85622	0.30482	143.32	5.8149	1e-05	208.3	0.069903	0.0057944	2.1136	6.2993e-321	0.38341	2.7179e-12	1.086e-320	1789.1	120.89	46.656
22.1	303.02	9414.1	0.00025344	0.00027369	1.6895e-123	2.0974e-124	0.26166	1.4704e-10	121.27	12.745	0.75182	0.052526	8.0044e-08	1.7295e-10	0.002485	103.91	88.019	0.0011594	333.33	0.00017764	0.12203	0.85601	0.30461	143.61	5.8149	1e-05	207.37	0.069865	0.0057916	2.1124	6.3142e-321	0.38351	2.7358e-12	1.0889e-320	1790.5	121.12	46.783
22.2	303.07	9414.1	0.00025349	0.00027386	4.696e-124	5.746e-125	0.26169	1.4706e-10	119.87	12.745	0.75166	0.052802	8.1901e-08	1.7549e-10	0.0024851	103.18	88.018	0.0011595	333.37	0.0001785	0.12241	0.85579	0.30441	143.9	5.8149	1e-05	206.46	0.069828	0.0057887	2.1113	6.329e-321	0.38362	2.7535e-12	1.0919e-320	1791.9	121.36	46.91
22.3	303.11	9414.2	0.00025354	0.00027404	1.3053e-124	1.5742e-125	0.26172	1.4707e-10	118.51	12.744	0.7515	0.053077	8.3782e-08	1.7804e-10	0.0024852	102.46	88.018	0.0011597	333.41	0.00017936	0.1228	0.85558	0.30421	144.18	5.8149	1e-05	205.56	0.069792	0.0057859	2.1102	6.3438e-321	0.38372	2.7711e-12	1.0953e-320	1793.3	121.59	47.035
22.4	303.16	9414.2	0.0002536	0.00027421	3.628e-125	4.3126e-126	0.26174	1.4709e-10	117.16	12.744	0.75135	0.053353	8.5688e-08	1.8062e-10	0.0024853	101.75	88.017	0.0011598	333.45	0.00018021	0.12317	0.85536	0.30401	144.46	5.8149	1e-05	204.67	0.069756	0.0057831	2.1091	6.3537e-321	0.38382	2.7885e-12	1.0988e-320	1794.6	121.82	47.158
22.5	303.2	9414.3	0.00025365	0.00027438	1.0084e-125	1.1815e-126	0.26177	1.471e-10	115.84	12.744	0.7512	0.053629	8.7617e-08	1.8322e-10	0.0024854	101.05	88.017	0.00116	333.5	0.00018105	0.12355	0.85516	0.30381	144.74	5.8149	1e-05	203.79	0.06972	0.0057804	2.108	6.3685e-321	0.38392	2.8058e-12	1.1023e-320	1795.9	122.04	47.281
22.6	303.25	9414.3	0.0002537	0.00027454	2.803e-126	3.2368e-127	0.2618	1.4712e-10	114.53	12.744	0.75106	0.053904	8.957e-08	1.8585e-10	0.0024855	100.36	88.017	0.0011601	333.54	0.00018188	0.12392	0.85495	0.30362	145.01	5.8149	1e-05	202.92	0.069685	0.0057777	2.1069	6.3734e-321	0.38402	2.8229e-12	1.1057e-320	1797.2	122.27	47.402
22.7	303.29	9414.4	0.00025375	0.00027471	7.791e-127	8.8674e-128	0.26182	1.4713e-10	113.25	12.744	0.75092	0.05418	9.1545e-08	1.8849e-10	0.0024856	99.682	88.016	0.0011603	333.58	0.0001827	0.12429	0.85475	0.30342	145.28	5.8149	1e-05	202.07	0.069651	0.0057751	2.1058	6.3833e-321	0.38411	2.8398e-12	1.1092e-320	1798.5	122.49	47.521
22.8	303.34	9414.5	0.0002538	0.00027487	2.1656e-127	2.4293e-128	0.26185	1.4714e-10	112	12.744	0.75077	0.054456	9.3543e-08	1.9115e-10	0.0024857	99.011	88.016	0.0011604	333.62	0.00018351	0.12465	0.85455	0.30323	145.54	5.8149	1e-05	201.22	0.069617	0.0057725	2.1048	6.3932e-321	0.38421	2.8565e-12	1.1131e-320	1799.7	122.7	47.639
22.9	303.38	9414.5	0.00025384	0.00027503	6.0193e-128	6.6553e-129	0.26187	1.4716e-10	110.76	12.743	0.75064	0.054732	9.5562e-08	1.9384e-10	0.0024857	98.349	88.015	0.0011605	333.66	0.00018432	0.12501	0.85435	0.30304	145.81	5.8149	1e-05	200.39	0.069584	0.0057699	2.1038	6.4031e-321	0.38431	2.8731e-12	1.1166e-320	1800.9	122.92	47.756
23	303.42	9414.6	0.00025389	0.00027519	1.6731e-128	1.8233e-129	0.26189	1.4717e-10	109.55	12.743	0.7505	0.055009	9.7602e-08	1.9654e-10	0.0024858	97.697	88.015	0.0011607	333.7	0.00018512	0.12536	0.85415	0.30285	146.06	5.8149	1e-05	199.58	0.069551	0.0057674	2.1028	6.413e-321	0.3844	2.8895e-12	1.1205e-320	1802.1	123.13	47.871
23.1	303.46	9414.7	0.00025394	0.00027534	4.6504e-129	4.995e-130	0.26192	1.4718e-10	108.35	12.743	0.75037	0.055285	9.9662e-08	1.9926e-10	0.0024859	97.055	88.014	0.0011608	333.73	0.00018591	0.12571	0.85396	0.30266	146.32	5.8149	1e-05	198.77	0.069519	0.0057649	2.1018	6.4327e-321	0.3845	2.9057e-12	1.124e-320	1803.3	123.33	47.985
23.2	303.51	9414.8	0.00025398	0.0002755	1.2926e-129	1.3684e-130	0.26194	1.472e-10	107.18	12.743	0.75024	0.055561	1.0174e-07	2.02e-10	0.0024859	96.423	88.014	0.0011609	333.77	0.00018669	0.12605	0.85377	0.30248	146.57	5.8149	1e-05	197.97	0.069487	0.0057625	2.1008	6.4476e-321	0.38459	2.9218e-12	1.127e-320	1804.4	123.54	48.097
23.3	303.55	9414.8	0.00025403	0.00027565	3.5929e-130	3.749e-131	0.26196	1.4721e-10	106.03	12.743	0.75011	0.055837	1.0384e-07	2.0475e-10	0.002486	95.8	88.013	0.0011611	333.81	0.00018746	0.1264	0.85358	0.30229	146.82	5.8149	1e-05	197.19	0.069456	0.00576	2.0998	6.4624e-321	0.38468	2.9377e-12	1.1299e-320	1805.6	123.74	48.208
23.4	303.59	9414.9	0.00025407	0.0002758	9.9865e-131	1.0271e-131	0.26198	1.4722e-10	104.9	12.743	0.74999	0.056114	1.0596e-07	2.0753e-10	0.002486	95.186	88.013	0.0011612	333.85	0.00018822	0.12673	0.8534	0.30211	147.06	5.8149	1e-05	196.42	0.069425	0.0057577	2.0989	6.4772e-321	0.38477	2.9534e-12	1.1339e-320	1806.7	123.94	48.318
23.5	303.63	9415	0.00025411	0.00027594	2.7758e-131	2.8137e-132	0.26201	1.4723e-10	103.79	12.742	0.74986	0.05639	1.0809e-07	2.1032e-10	0.0024861	94.582	88.013	0.0011613	333.88	0.00018897	0.12706	0.85321	0.30193	147.3	5.8149	1e-05	195.66	0.069395	0.0057554	2.098	6.4871e-321	0.38486	2.9688e-12	1.1368e-320	1807.8	124.13	48.426
23.6	303.67	9415.1	0.00025415	0.00027609	7.7155e-132	7.7085e-133	0.26203	1.4725e-10	102.7	12.742	0.74974	0.056667	1.1024e-07	2.1313e-10	0.0024861	93.988	88.012	0.0011615	333.92	0.00018971	0.12739	0.85303	0.30175	147.54	5.8149	1e-05	194.91	0.069365	0.0057531	2.097	6.5019e-321	0.38495	2.9842e-12	1.1398e-320	1808.8	124.33	48.532
23.7	303.71	9415.2	0.00025419	0.00027623	2.1445e-132	2.1118e-133	0.26205	1.4726e-10	101.63	12.742	0.74963	0.056943	1.124e-07	2.1595e-10	0.0024861	93.403	88.012	0.0011616	333.96	0.00019045	0.12772	0.85285	0.30158	147.77	5.8149	1e-05	194.18	0.069336	0.0057508	2.0961	6.5068e-321	0.38504	2.9993e-12	1.1428e-320	1809.9	124.51	48.637
23.8	303.74	9415.3	0.00025423	0.00027637	5.9609e-133	5.7855e-134	0.26207	1.4727e-10	100.58	12.742	0.74951	0.05722	1.1458e-07	2.1878e-10	0.0024861	92.828	88.011	0.0011617	333.99	0.00019117	0.12803	0.85268	0.3014	148	5.8149	1e-05	193.46	0.069308	0.0057486	2.0953	6.5217e-321	0.38513	3.0142e-12	1.1452e-320	1810.9	124.7	48.741
23.9	303.78	9415.4	0.00025427	0.00027651	1.6569e-133	1.585e-134	0.26209	1.4728e-10	99.555	12.742	0.7494	0.057497	1.1678e-07	2.2163e-10	0.0024862	92.262	88.011	0.0011618	334.02	0.00019189	0.12835	0.85251	0.30123	148.22	5.8149	1e-05	192.74	0.069279	0.0057464	2.0944	6.5365e-321	0.38521	3.0289e-12	1.1487e-320	1811.9	124.88	48.843
24	303.82	9415.4	0.00025431	0.00027664	4.6053e-134	4.3422e-135	0.26211	1.4729e-10	98.545	12.742	0.74929	0.057774	1.1898e-07	2.2449e-10	0.0024862	91.706	88.011	0.0011619	334.06	0.00019259	0.12866	0.85234	0.30106	148.44	5.8149	1e-05	192.04	0.069252	0.0057443	2.0935	6.5464e-321	0.3853	3.0435e-12	1.1512e-320	1812.9	125.06	48.944
24.1	303.86	9415.5	0.00025435	0.00027677	1.2801e-134	1.1896e-135	0.26212	1.473e-10	97.555	12.741	0.74918	0.058051	1.212e-07	2.2737e-10	0.0024862	91.159	88.01	0.0011621	334.09	0.00019329	0.12896	0.85217	0.3009	148.66	5.8149	1e-05	191.36	0.069225	0.0057422	2.0927	6.5563e-321	0.38538	3.0578e-12	1.1536e-320	1813.9	125.24	49.043
24.2	303.89	9415.6	0.00025439	0.0002769	3.558e-135	3.259e-136	0.26214	1.4731e-10	96.584	12.741	0.74907	0.058328	1.2342e-07	2.3026e-10	0.0024862	90.621	88.01	0.0011622	334.12	0.00019398	0.12926	0.85201	0.30073	148.88	5.8149	1e-05	190.68	0.069198	0.0057401	2.0919	6.5711e-321	0.38547	3.072e-12	1.1571e-320	1814.8	125.42	49.14
24.3	303.93	9415.7	0.00025442	0.00027703	9.8896e-136	8.9283e-137	0.26216	1.4732e-10	95.633	12.741	0.74897	0.058605	1.2566e-07	2.3315e-10	0.0024862	90.093	88.009	0.0011623	334.16	0.00019465	0.12956	0.85185	0.30057	149.09	5.8149	1e-05	190.01	0.069172	0.0057381	2.0911	6.5859e-321	0.38555	3.0859e-12	1.1601e-320	1815.7	125.59	49.237
24.4	303.96	9415.8	0.00025446	0.00027716	2.7489e-136	2.446e-137	0.26218	1.4733e-10	94.7	12.741	0.74887	0.058882	1.279e-07	2.3606e-10	0.0024862	89.574	88.009	0.0011624	334.19	0.00019532	0.12985	0.85169	0.30041	149.3	5.8149	1e-05	189.36	0.069146	0.0057361	2.0903	6.6007e-321	0.38563	3.0996e-12	1.164e-320	1816.6	125.76	49.331
24.5	304	9415.9	0.00025449	0.00027728	7.6406e-137	6.701e-138	0.26219	1.4734e-10	93.786	12.741	0.74877	0.059159	1.3015e-07	2.3897e-10	0.0024862	89.065	88.009	0.0011625	334.22	0.00019598	0.13014	0.85153	0.30025	149.5	5.8149	1e-05	188.72	0.069121	0.0057342	2.0895	6.6155e-321	0.38571	3.1131e-12	1.167e-320	1817.5	125.92	49.424
24.6	304.03	9416	0.00025453	0.0002774	2.1237e-137	1.8358e-138	0.26221	1.4735e-10	92.892	12.741	0.74867	0.059436	1.3241e-07	2.419e-10	0.0024862	88.565	88.008	0.0011626	334.25	0.00019662	0.13042	0.85138	0.3001	149.7	5.8149	1e-05	188.09	0.069096	0.0057323	2.0887	6.6304e-321	0.38579	3.1265e-12	1.1695e-320	1818.4	126.08	49.516
24.7	304.07	9416.1	0.00025456	0.00027752	5.9031e-138	5.0293e-139	0.26223	1.4736e-10	92.015	12.741	0.74858	0.059713	1.3467e-07	2.4483e-10	0.0024862	88.074	88.008	0.0011627	334.28	0.00019726	0.1307	0.85122	0.29994	149.9	5.8149	1e-05	187.47	0.069072	0.0057304	2.088	6.6452e-321	0.38587	3.1396e-12	1.1729e-320	1819.3	126.24	49.606
24.8	304.1	9416.2	0.00025459	0.00027764	1.6408e-138	1.3778e-139	0.26224	1.4737e-10	91.158	12.741	0.74849	0.05999	1.3693e-07	2.4776e-10	0.0024862	87.593	88.008	0.0011628	334.31	0.00019788	0.13097	0.85108	0.29979	150.09	5.8149	1e-05	186.86	0.069048	0.0057285	2.0873	6.6551e-321	0.38594	3.1525e-12	1.1759e-320	1820.1	126.4	49.694
24.9	304.13	9416.3	0.00025462	0.00027775	4.5606e-139	3.7747e-140	0.26226	1.4738e-10	90.318	12.74	0.7484	0.060268	1.3919e-07	2.507e-10	0.0024862	87.121	88.007	0.0011629	334.34	0.0001985	0.13124	0.85093	0.29964	150.28	5.8149	1e-05	186.27	0.069025	0.0057267	2.0865	6.6699e-321	0.38602	3.1651e-12	1.1783e-320	1820.9	126.55	49.781
25	304.16	9416.4	0.00025465	0.00027786	1.2677e-139	1.0341e-140	0.26227	1.4738e-10	89.497	12.74	0.74831	0.060545	1.4145e-07	2.5365e-10	0.0024861	86.658	88.007	0.001163	334.37	0.00019911	0.1315	0.85079	0.2995	150.46	5.8149	1e-05	185.69	0.069002	0.005725	2.0858	6.6847e-321	0.38609	3.1776e-12	1.1808e-320	1821.7	126.7	49.867
25.1	304.19	9416.5	0.00025468	0.00027797	3.5235e-140	2.833e-141	0.26229	1.4739e-10	88.694	12.74	0.74822	0.060823	1.4371e-07	2.5659e-10	0.0024861	86.204	88.007	0.0011631	334.4	0.0001997	0.13176	0.85065	0.29936	150.65	5.8149	1e-05	185.11	0.068979	0.0057232	2.0851	6.6995e-321	0.38616	3.1899e-12	1.1828e-320	1822.5	126.85	49.95
25.2	304.22	9416.6	0.00025471	0.00027808	9.7937e-141	7.7614e-142	0.2623	1.474e-10	87.908	12.74	0.74814	0.0611	1.4597e-07	2.5954e-10	0.0024861	85.76	88.006	0.0011632	334.42	0.00020029	0.13202	0.85051	0.29922	150.83	5.8149	1e-05	184.55	0.068957	0.0057215	2.0845	6.7144e-321	0.38624	3.2019e-12	1.1848e-320	1823.2	126.99	50.033
25.3	304.25	9416.7	0.00025474	0.00027818	2.7222e-141	2.1263e-142	0.26231	1.4741e-10	87.141	12.74	0.74806	0.061378	1.4823e-07	2.6249e-10	0.0024861	85.325	88.006	0.0011633	334.45	0.00020086	0.13226	0.85037	0.29908	151	5.8149	1e-05	184.01	0.068936	0.0057199	2.0838	6.7292e-321	0.38631	3.2137e-12	1.1872e-320	1824	127.14	50.113
25.4	304.28	9416.8	0.00025477	0.00027829	7.5665e-142	5.8252e-143	0.26233	1.4742e-10	86.391	12.74	0.74798	0.061655	1.5048e-07	2.6543e-10	0.0024861	84.899	88.006	0.0011634	334.48	0.00020142	0.13251	0.85024	0.29894	151.17	5.8149	1e-05	183.47	0.068915	0.0057183	2.0832	6.7341e-321	0.38638	3.2253e-12	1.1897e-320	1824.7	127.27	50.192
25.5	304.31	9416.9	0.0002548	0.00027839	2.1031e-142	1.5959e-143	0.26234	1.4742e-10	85.659	12.74	0.7479	0.061933	1.5272e-07	2.6838e-10	0.002486	84.483	88.005	0.0011635	334.5	0.00020197	0.13275	0.85011	0.29881	151.34	5.8149	1e-05	182.94	0.068895	0.0057167	2.0825	6.744e-321	0.38644	3.2367e-12	1.1917e-320	1825.4	127.41	50.27
25.6	304.34	9417	0.00025482	0.00027848	5.8458e-143	4.372e-144	0.26235	1.4743e-10	84.945	12.74	0.74783	0.062211	1.5495e-07	2.7132e-10	0.002486	84.075	88.005	0.0011636	334.53	0.00020252	0.13298	0.84999	0.29868	151.5	5.8149	1e-05	182.43	0.068875	0.0057151	2.0819	6.7539e-321	0.38651	3.2478e-12	1.1937e-320	1826.1	127.54	50.346
25.7	304.37	9417.1	0.00025485	0.00027858	1.6249e-143	1.1977e-144	0.26237	1.4744e-10	84.248	12.739	0.74775	0.062489	1.5717e-07	2.7426e-10	0.002486	83.677	88.005	0.0011637	334.55	0.00020305	0.13321	0.84986	0.29855	151.66	5.8149	1e-05	181.93	0.068855	0.0057136	2.0813	6.7638e-321	0.38657	3.2587e-12	1.1956e-320	1826.8	127.67	50.42
25.8	304.4	9417.2	0.00025487	0.00027867	4.5164e-144	3.2813e-145	0.26238	1.4744e-10	83.568	12.739	0.74768	0.062766	1.5938e-07	2.7719e-10	0.0024859	83.288	88.004	0.0011637	334.58	0.00020357	0.13344	0.84974	0.29843	151.82	5.8149	1e-05	181.43	0.068836	0.0057121	2.0807	6.7786e-321	0.38664	3.2694e-12	1.1971e-320	1827.4	127.8	50.493
25.9	304.42	9417.2	0.0002549	0.00027876	1.2554e-144	8.9895e-146	0.26239	1.4745e-10	82.905	12.739	0.74761	0.063044	1.6157e-07	2.8011e-10	0.0024859	82.908	88.004	0.0011638	334.6	0.00020408	0.13366	0.84962	0.2983	151.97	5.8149	1e-05	180.95	0.068817	0.0057107	2.0802	6.7835e-321	0.3867	3.2799e-12	1.1986e-320	1828.1	127.92	50.564
26	304.45	9417.3	0.00025492	0.00027885	3.4893e-145	2.4628e-146	0.2624	1.4746e-10	82.259	12.739	0.74755	0.063322	1.6375e-07	2.8302e-10	0.0024859	82.538	88.004	0.0011639	334.62	0.00020457	0.13387	0.84951	0.29818	152.12	5.8149	1e-05	180.49	0.068799	0.0057093	2.0796	6.7934e-321	0.38676	3.2901e-12	1.2006e-320	1828.7	128.04	50.633
26.1	304.47	9417.4	0.00025494	0.00027894	9.6987e-146	6.747e-147	0.26241	1.4746e-10	81.631	12.739	0.74748	0.0636	1.6591e-07	2.8593e-10	0.0024858	82.176	88.004	0.001164	334.65	0.00020506	0.13408	0.84939	0.29807	152.27	5.8149	1e-05	180.03	0.068781	0.0057079	2.079	6.8033e-321	0.38682	3.3001e-12	1.2021e-320	1829.3	128.16	50.701
26.2	304.5	9417.5	0.00025497	0.00027902	2.6958e-146	1.8484e-147	0.26242	1.4747e-10	81.019	12.739	0.74742	0.063878	1.6805e-07	2.8882e-10	0.0024858	81.824	88.003	0.0011641	334.67	0.00020553	0.13429	0.84928	0.29795	152.41	5.8149	1e-05	179.58	0.068764	0.0057066	2.0785	6.8082e-321	0.38688	3.3098e-12	1.204e-320	1829.9	128.28	50.768
26.3	304.52	9417.6	0.00025499	0.0002791	7.4931e-147	5.0638e-148	0.26243	1.4747e-10	80.424	12.739	0.74735	0.064156	1.7017e-07	2.917e-10	0.0024857	81.481	88.003	0.0011641	334.69	0.000206	0.13449	0.84917	0.29784	152.55	5.8149	1e-05	179.15	0.068747	0.0057053	2.078	6.823e-321	0.38694	3.3194e-12	1.206e-320	1830.5	128.39	50.832
26.4	304.55	9417.7	0.00025501	0.00027918	2.0827e-147	1.3873e-148	0.26244	1.4748e-10	79.845	12.739	0.74729	0.064434	1.7227e-07	2.9457e-10	0.0024857	81.146	88.003	0.0011642	334.71	0.00020645	0.13468	0.84907	0.29773	152.68	5.8149	1e-05	178.73	0.068731	0.005704	2.0775	6.8329e-321	0.38699	3.3287e-12	1.208e-320	1831	128.5	50.895
26.5	304.57	9417.8	0.00025503	0.00027926	5.7891e-148	3.8006e-149	0.26245	1.4749e-10	79.284	12.739	0.74724	0.064712	1.7434e-07	2.9741e-10	0.0024857	80.822	88.003	0.0011643	334.73	0.00020689	0.13487	0.84897	0.29763	152.82	5.8149	1e-05	178.32	0.068715	0.0057028	2.077	6.8379e-321	0.38705	3.3377e-12	1.2095e-320	1831.6	128.6	50.957
26.6	304.59	9417.9	0.00025505	0.00027933	1.6091e-148	1.0412e-149	0.26246	1.4749e-10	78.739	12.738	0.74718	0.06499	1.7639e-07	3.0025e-10	0.0024856	80.506	88.002	0.0011643	334.75	0.00020732	0.13506	0.84887	0.29752	152.94	5.8149	1e-05	177.92	0.0687	0.0057016	2.0765	6.8477e-321	0.3871	3.3465e-12	1.2114e-320	1832.1	128.71	51.016
26.7	304.61	9418	0.00025507	0.00027941	4.4726e-149	2.8525e-150	0.26247	1.475e-10	78.21	12.738	0.74713	0.065269	1.784e-07	3.0306e-10	0.0024856	80.199	88.002	0.0011644	334.77	0.00020774	0.13524	0.84877	0.29742	153.07	5.8149	1e-05	177.53	0.068685	0.0057004	2.0761	6.8576e-321	0.38715	3.3551e-12	1.2129e-320	1832.6	128.81	51.074
26.8	304.63	9418	0.00025509	0.00027948	1.2432e-149	7.8146e-151	0.26248	1.475e-10	77.698	12.738	0.74707	0.065547	1.8039e-07	3.0585e-10	0.0024856	79.901	88.002	0.0011645	334.79	0.00020815	0.13541	0.84868	0.29732	153.19	5.8149	1e-05	177.15	0.06867	0.0056993	2.0756	6.8725e-321	0.3872	3.3634e-12	1.2144e-320	1833.1	128.91	51.131
26.9	304.65	9418.1	0.0002551	0.00027954	3.4555e-150	2.1409e-151	0.26249	1.4751e-10	77.202	12.738	0.74702	0.065825	1.8235e-07	3.0862e-10	0.0024855	79.613	88.002	0.0011645	334.81	0.00020854	0.13558	0.84859	0.29723	153.31	5.8149	1e-05	176.79	0.068656	0.0056982	2.0752	6.8873e-321	0.38725	3.3715e-12	1.2154e-320	1833.6	129	51.186
27	304.67	9418.2	0.00025512	0.00027961	9.6047e-151	5.8651e-152	0.2625	1.4751e-10	76.722	12.738	0.74697	0.066104	1.8427e-07	3.1137e-10	0.0024855	79.333	88.001	0.0011646	334.82	0.00020892	0.13575	0.8485	0.29714	153.42	5.8149	1e-05	176.44	0.068643	0.0056972	2.0748	6.8922e-321	0.3873	3.3794e-12	1.2169e-320	1834	129.09	51.239
27.1	304.69	9418.3	0.00025514	0.00027967	2.6697e-151	1.6068e-152	0.2625	1.4751e-10	76.259	12.738	0.74693	0.066382	1.8616e-07	3.1409e-10	0.0024854	79.063	88.001	0.0011647	334.84	0.0002093	0.1359	0.84841	0.29705	153.53	5.8149	1e-05	176.09	0.068629	0.0056961	2.0744	6.8922e-321	0.38735	3.387e-12	1.2189e-320	1834.5	129.18	51.29
27.2	304.71	9418.4	0.00025515	0.00027974	7.4204e-152	4.402e-153	0.26251	1.4752e-10	75.811	12.738	0.74688	0.06666	1.88e-07	3.1678e-10	0.0024854	78.802	88.001	0.0011647	334.86	0.00020965	0.13606	0.84833	0.29696	153.63	5.8149	1e-05	175.76	0.068617	0.0056951	2.074	6.8922e-321	0.38739	3.3943e-12	1.2203e-320	1834.9	129.26	51.34
27.3	304.73	9418.4	0.00025517	0.0002798	2.0625e-152	1.206e-153	0.26252	1.4752e-10	75.38	12.738	0.74684	0.066939	1.8981e-07	3.1945e-10	0.0024853	78.55	88.001	0.0011648	334.87	0.00021	0.13621	0.84825	0.29688	153.74	5.8149	1e-05	175.44	0.068604	0.0056942	2.0736	6.8922e-321	0.38743	3.4014e-12	1.2213e-320	1835.3	129.35	51.388
27.4	304.75	9418.5	0.00025518	0.00027985	5.7329e-153	3.3039e-154	0.26252	1.4753e-10	74.965	12.738	0.7468	0.067217	1.9158e-07	3.2209e-10	0.0024853	78.307	88.001	0.0011648	334.89	0.00021034	0.13635	0.84817	0.2968	153.83	5.8149	1e-05	175.14	0.068592	0.0056933	2.0732	6.8922e-321	0.38748	3.4083e-12	1.2223e-320	1835.7	129.43	51.434
27.5	304.76	9418.6	0.0002552	0.00027991	1.5935e-153	9.0512e-155	0.26253	1.4753e-10	74.565	12.738	0.74676	0.067496	1.9331e-07	3.2469e-10	0.0024853	78.073	88	0.0011649	334.9	0.00021066	0.13649	0.8481	0.29672	153.93	5.8149	1e-05	174.84	0.068581	0.0056924	2.0729	6.9021e-321	0.38752	3.4149e-12	1.2233e-320	1836.1	129.5	51.479
27.6	304.78	9418.6	0.00025521	0.00027996	4.4292e-154	2.4797e-155	0.26254	1.4753e-10	74.182	12.738	0.74672	0.067775	1.9498e-07	3.2726e-10	0.0024852	77.848	88	0.0011649	334.92	0.00021097	0.13662	0.84803	0.29665	154.02	5.8149	1e-05	174.56	0.06857	0.0056915	2.0725	6.912e-321	0.38755	3.4213e-12	1.2243e-320	1836.5	129.58	51.522
27.7	304.79	9418.7	0.00025522	0.00028001	1.2311e-154	6.7933e-156	0.26254	1.4754e-10	73.815	12.738	0.74668	0.068053	1.9662e-07	3.298e-10	0.0024852	77.632	88	0.001165	334.93	0.00021127	0.13675	0.84796	0.29658	154.11	5.8149	1e-05	174.28	0.06856	0.0056907	2.0722	6.9219e-321	0.38759	3.4274e-12	1.2253e-320	1836.8	129.65	51.563
27.8	304.81	9418.8	0.00025524	0.00028006	3.422e-155	1.8611e-156	0.26255	1.4754e-10	73.463	12.738	0.74665	0.068332	1.982e-07	3.323e-10	0.0024852	77.425	88	0.001165	334.94	0.00021156	0.13687	0.8479	0.29651	154.19	5.8149	1e-05	174.02	0.06855	0.00569	2.0719	6.9268e-321	0.38763	3.4332e-12	1.2258e-320	1837.2	129.72	51.603
27.9	304.82	9418.8	0.00025525	0.0002801	9.5115e-156	5.0986e-157	0.26255	1.4754e-10	73.127	12.737	0.74661	0.068611	1.9973e-07	3.3476e-10	0.0024851	77.228	88	0.0011651	334.96	0.00021183	0.13699	0.84783	0.29644	154.27	5.8149	1e-05	173.77	0.06854	0.0056892	2.0716	6.9367e-321	0.38766	3.4388e-12	1.2273e-320	1837.5	129.78	51.641
28	304.84	9418.9	0.00025526	0.00028015	2.6438e-156	1.3968e-157	0.26256	1.4755e-10	72.807	12.737	0.74658	0.068889	2.0121e-07	3.3719e-10	0.0024851	77.039	88	0.0011651	334.97	0.00021209	0.1371	0.84777	0.29638	154.35	5.8149	1e-05	173.53	0.068531	0.0056885	2.0713	6.9416e-321	0.38769	3.4442e-12	1.2282e-320	1837.8	129.84	51.677
28.1	304.85	9418.9	0.00025527	0.00028019	7.3485e-157	3.8267e-158	0.26257	1.4755e-10	72.503	12.737	0.74655	0.069168	2.0263e-07	3.3957e-10	0.002485	76.86	87.999	0.0011651	334.98	0.00021234	0.13721	0.84772	0.29632	154.42	5.8149	1e-05	173.31	0.068522	0.0056878	2.0711	6.9416e-321	0.38772	3.4493e-12	1.2297e-320	1838.1	129.9	51.711
28.2	304.86	9419	0.00025528	0.00028023	2.0425e-157	1.0483e-158	0.26257	1.4755e-10	72.214	12.737	0.74652	0.069447	2.04e-07	3.4191e-10	0.002485	76.69	87.999	0.0011652	334.99	0.00021258	0.13731	0.84766	0.29626	154.49	5.8149	1e-05	173.09	0.068514	0.0056872	2.0708	6.9416e-321	0.38775	3.4541e-12	1.2312e-320	1838.3	129.96	51.744
28.3	304.87	9419.1	0.00025529	0.00028027	5.6773e-158	2.872e-159	0.26257	1.4755e-10	71.941	12.737	0.7465	0.069726	2.0531e-07	3.4421e-10	0.002485	76.529	87.999	0.0011652	335	0.00021281	0.13741	0.84761	0.29621	154.56	5.8149	1e-05	172.89	0.068506	0.0056866	2.0706	6.9466e-321	0.38778	3.4587e-12	1.2322e-320	1838.6	130.01	51.775
28.4	304.88	9419.1	0.0002553	0.0002803	1.578e-158	7.8682e-160	0.26258	1.4756e-10	71.683	12.737	0.74647	0.070005	2.0656e-07	3.4646e-10	0.0024849	76.377	87.999	0.0011653	335.01	0.00021302	0.1375	0.84756	0.29616	154.62	5.8149	1e-05	172.69	0.068499	0.005686	2.0703	6.9515e-321	0.38781	3.463e-12	1.2327e-320	1838.9	130.06	51.804
28.5	304.89	9419.1	0.00025531	0.00028033	4.3862e-159	2.1556e-160	0.26258	1.4756e-10	71.442	12.737	0.74645	0.070283	2.0774e-07	3.4866e-10	0.0024849	76.234	87.999	0.0011653	335.02	0.00021322	0.13758	0.84752	0.29611	154.68	5.8149	1e-05	172.51	0.068492	0.0056855	2.0701	6.9614e-321	0.38783	3.4671e-12	1.2342e-320	1839.1	130.11	51.832
28.6	304.9	9419.2	0.00025531	0.00028037	1.2192e-159	5.9054e-161	0.26259	1.4756e-10	71.215	12.737	0.74642	0.070562	2.0887e-07	3.5082e-10	0.0024849	76.1	87.999	0.0011653	335.03	0.00021341	0.13766	0.84747	0.29607	154.73	5.8149	1e-05	172.34	0.068485	0.005685	2.0699	6.9713e-321	0.38786	3.4709e-12	1.2352e-320	1839.3	130.15	51.857
28.7	304.91	9419.2	0.00025532	0.00028039	3.3888e-160	1.6178e-161	0.26259	1.4756e-10	71.005	12.737	0.7464	0.070841	2.0992e-07	3.5292e-10	0.0024849	75.975	87.999	0.0011653	335.04	0.00021358	0.13774	0.84743	0.29603	154.78	5.8149	1e-05	172.18	0.068479	0.0056845	2.0697	6.9762e-321	0.38788	3.4745e-12	1.2362e-320	1839.5	130.19	51.881
28.8	304.92	9419.3	0.00025533	0.00028042	9.4192e-161	4.4322e-162	0.26259	1.4756e-10	70.81	12.737	0.74638	0.07112	2.1091e-07	3.5498e-10	0.0024848	75.86	87.999	0.0011654	335.04	0.00021374	0.13781	0.8474	0.29599	154.83	5.8149	1e-05	172.04	0.068474	0.0056841	2.0696	6.9811e-321	0.3879	3.4778e-12	1.2366e-320	1839.7	130.23	51.904
28.9	304.93	9419.3	0.00025533	0.00028044	2.6181e-161	1.2142e-162	0.26259	1.4757e-10	70.63	12.737	0.74637	0.071399	2.1183e-07	3.5698e-10	0.0024848	75.754	87.999	0.0011654	335.05	0.00021389	0.13787	0.84736	0.29595	154.87	5.8149	1e-05	171.9	0.068469	0.0056837	2.0694	6.9811e-321	0.38792	3.4808e-12	1.2376e-320	1839.9	130.26	51.924
29	304.94	9419.3	0.00025534	0.00028047	7.2772e-162	3.3265e-163	0.2626	1.4757e-10	70.466	12.737	0.74635	0.071678	2.1268e-07	3.5893e-10	0.0024848	75.657	87.998	0.0011654	335.06	0.00021403	0.13793	0.84733	0.29592	154.91	5.8149	1e-05	171.78	0.068464	0.0056833	2.0693	6.9811e-321	0.38793	3.4836e-12	1.2391e-320	1840	130.3	51.943
29.1	304.94	9419.4	0.00025535	0.00028049	2.0227e-162	9.1133e-164	0.2626	1.4757e-10	70.318	12.737	0.74634	0.071958	2.1346e-07	3.6082e-10	0.0024848	75.569	87.998	0.0011654	335.06	0.00021415	0.13798	0.84731	0.29589	154.95	5.8149	1e-05	171.67	0.06846	0.005683	2.0691	6.9811e-321	0.38795	3.4861e-12	1.2396e-320	1840.2	130.32	51.96
29.2	304.95	9419.4	0.00025535	0.00028051	5.6223e-163	2.4967e-164	0.2626	1.4757e-10	70.185	12.737	0.74632	0.072237	2.1416e-07	3.6266e-10	0.0024848	75.49	87.998	0.0011654	335.07	0.00021427	0.13803	0.84728	0.29587	154.98	5.8149	1e-05	171.57	0.068456	0.0056827	2.069	6.9811e-321	0.38796	3.4883e-12	1.2396e-320	1840.3	130.35	51.975
29.3	304.95	9419.4	0.00025535	0.00028052	1.5627e-163	6.8399e-165	0.2626	1.4757e-10	70.068	12.737	0.74631	0.072516	2.1478e-07	3.6443e-10	0.0024847	75.42	87.998	0.0011655	335.07	0.00021436	0.13807	0.84726	0.29584	155.01	5.8149	1e-05	171.48	0.068452	0.0056824	2.0689	6.9811e-321	0.38798	3.4903e-12	1.2396e-320	1840.4	130.37	51.988
29.4	304.96	9419.4	0.00025536	0.00028053	4.3437e-164	1.8738e-165	0.26261	1.4757e-10	69.966	12.737	0.7463	0.072795	2.1533e-07	3.6615e-10	0.0024847	75.36	87.998	0.0011655	335.08	0.00021445	0.13811	0.84724	0.29582	155.03	5.8149	1e-05	171.41	0.068449	0.0056822	2.0688	6.9811e-321	0.38799	3.4921e-12	1.2396e-320	1840.5	130.39	52
29.5	304.96	9419.5	0.00025536	0.00028055	1.2074e-164	5.1336e-166	0.26261	1.4757e-10	69.88	12.737	0.74629	0.073074	2.1579e-07	3.6781e-10	0.0024847	75.309	87.998	0.0011655	335.08	0.00021452	0.13814	0.84722	0.29581	155.05	5.8149	1e-05	171.34	0.068447	0.005682	2.0687	6.9811e-321	0.388	3.4935e-12	1.2396e-320	1840.6	130.41	52.01
29.6	304.96	9419.5	0.00025536	0.00028056	3.356e-165	1.4064e-166	0.26261	1.4757e-10	69.81	12.737	0.74629	0.073354	2.1618e-07	3.6941e-10	0.0024847	75.267	87.998	0.0011655	335.08	0.00021458	0.13816	0.84721	0.29579	155.07	5.8149	1e-05	171.29	0.068445	0.0056818	2.0687	6.9811e-321	0.388	3.4947e-12	1.2406e-320	1840.6	130.42	52.018
29.7	304.97	9419.5	0.00025536	0.00028056	9.3322e-166	3.8546e-167	0.26261	1.4757e-10	69.755	12.737	0.74628	0.073633	2.1648e-07	3.7093e-10	0.0024847	75.235	87.998	0.0011655	335.08	0.00021463	0.13818	0.8472	0.29578	155.08	5.8149	1e-05	171.25	0.068443	0.0056817	2.0686	6.9811e-321	0.38801	3.4956e-12	1.2411e-320	1840.7	130.43	52.024
29.8	304.97	9419.5	0.00025537	0.00028057	2.6082e-166	1.0615e-167	0.26261	1.4757e-10	69.716	12.737	0.74628	0.073912	2.167e-07	3.7234e-10	0.0024847	75.211	87.998	0.0011655	335.08	0.00021466	0.1382	0.84719	0.29577	155.09	5.8149	1e-05	171.22	0.068442	0.0056816	2.0686	6.9811e-321	0.38801	3.4963e-12	1.2416e-320	1840.7	130.44	52.029
29.9	304.97	9419.5	0.00025537	0.00028057	7.7633e-167	3.1088e-168	0.26261	1.4757e-10	69.692	12.737	0.74628	0.074192	2.1683e-07	3.7351e-10	0.0024847	75.197	87.998	0.0011655	335.09	0.00021468	0.1382	0.84719	0.29577	155.1	5.8149	1e-05	171.2	0.068442	0.0056816	2.0686	6.9811e-321	0.38801	3.4967e-12	1.2416e-320	1840.8	130.45	52.031
30	304.97	9419.5	0.00025537	0.00028057	4.0062e-167	1.5844e-168	0.26261	1.4757e-10	69.685	12.737	0.74628	0.074471	2.1687e-07	3.7384e-10	0.0024847	75.193	87.998	0.0011655	335.09	0.00021469	0.13821	0.84719	0.29577	155.1	5.8149	1e-05	171.19	0.068441	0.0056815	2.0686	6.9811e-321	0.38802	3.4968e-12	1.2416e-320	1840.8	130.45	52.032
