z	 POPzt	 POCzt	 DOPzt	 DOCzt	 O2zt	 NO3zt	 NH4zt	 NH3zt	 FeOH3zt	 FeOOHzt	 Fe2zt	 SO4zt	 H2Szt	 HSzt	 PO4zt	 PO4adsazt	 PO4adsbzt	 S0zt	 S8zt	 FeSzt	 FeS2zt	 AlOH3zt	 Ca2zt	 Ca3PO42zt	 OMSzt	 Hzt	 CaCO3zt	 CO2zt	 CO3zt	 HCO3zt	 H2CO3zt	 Chlzt	 CH4aq	 CH4g	 FeCO3	 Fe3PO42	 PO4adsc
0	378.169	32094	0.00023847	0.00020397	0.29482	1.1184	0.017929	0	1194.8	0.015209	4.25E-11	8.11E-05	0	9.58E-15	0.00070607	471.69	0.0063345	0	621.69	1.96E-07	5.25E-06	0.032071	0.0014623	113.0064103	6.2932	6.84E-06	940.02	0.15014	0.0010024	1.2103	0	0.51792	0	0	0.063825	388.713	450.25
0.1	377.828	32001	0.00023917	0.00020569	0.16502	0.61282	0.054527	2.22E-11	1168	0.015197	0.13478	0.00032876	3.90E-09	2.68E-11	0.0017836	471.46	0.0063342	0.00078137	621.74	3.00E-06	1.74E-05	0.031549	0.014616	113.0128205	6.2932	1.36E-05	936.34	0.18193	0.0028865	1.7865	3.4585e-323	0.51738	1.29E-14	5.4347e-323	0.06383	388.726	450.25
0.2	377.729	31995	0.00023988	0.00020746	0.053166	0.16789	0.087469	4.17E-11	1140.7	0.015145	0.2714	0.00057636	7.92E-09	5.70E-11	0.0023812	471.08	0.0063323	0.0013112	621.88	4.23E-05	6.18E-05	0.031029	0.02747	113.0320513	6.2932	1.77E-05	932.61	0.21107	0.0036209	2.2455	7.411e-323	0.51873	5.47E-14	1.0375e-322	0.063845	388.752	450.25
0.3	377.751	32032	0.00024059	0.00020924	0.014778	0.045994	0.10784	5.54E-11	1113.3	0.015015	0.40894	0.00082387	1.21E-08	1.06E-10	0.0026698	470.6	0.006329	0.0016383	622.06	0.00026176	0.000144	0.030514	0.039983	113.0576923	6.2932	1.99E-05	928.84	0.21968	0.0036943	2.5617	1.1364e-322	0.52062	2.19E-13	1.6304e-322	0.063869	388.817	450.25
0.4	377.894	32108	0.00024131	0.00021104	0.0041075	0.0126	0.12092	6.42E-11	1086.2	0.014789	0.54612	0.0010713	1.66E-08	1.64E-10	0.0028183	470	0.0063243	0.0018404	622.27	0.00079031	0.00025108	0.030003	0.052213	113.0897436	6.2932	2.15E-05	925.02	0.22752	0.003668	2.7656	1.5316e-322	0.52302	6.19E-13	2.2233e-322	0.063903	388.882	450.25
0.5	378.103	32215	0.00024202	0.00021284	0.0011417	0.003452	0.12845	6.97E-11	1059.6	0.014492	0.68214	0.0013188	2.13E-08	2.33E-10	0.0028979	469.28	0.0063182	0.0019654	622.5	0.0015801	0.00037056	0.029497	0.064182	113.1282051	6.2932	2.28E-05	921.16	0.23249	0.0035987	2.8815	1.9763e-322	0.52567	1.28E-12	2.7668e-322	0.063945	388.986	450.25
0.6	378.356	32334	0.00024273	0.00021463	0.00031734	0.00094571	0.13236	7.30E-11	1033.5	0.014159	0.8165	0.0015664	2.63E-08	3.08E-10	0.0029558	468.48	0.0063112	0.0020428	622.73	0.0025177	0.00049551	0.028997	0.075892	113.1666667	6.2932	2.39E-05	917.26	0.23788	0.0035064	2.9404	2.4209e-322	0.52807	2.19E-12	3.3102e-322	0.063996	389.09	450.25
0.7	378.609	32454	0.00024344	0.00021639	8.82E-05	0.00025909	0.13455	7.50E-11	1008.1	0.013815	0.9489	0.001814	3.16E-08	3.80E-10	0.003017	467.63	0.0063035	0.0020909	622.98	0.0035238	0.00062289	0.0285	0.087348	113.2051282	6.2932	2.48E-05	913.31	0.24537	0.0034083	2.972	2.915e-322	0.52996	3.24E-12	3.8537e-322	0.064056	389.233	450.25
0.8	378.851	32573	0.00024414	0.00021812	2.45E-05	7.10E-05	0.13614	7.63E-11	983.27	0.01347	1.0792	0.0020617	3.72E-08	4.45E-10	0.0030877	466.73	0.0062953	0.0021208	623.22	0.0045599	0.00075151	0.028009	0.098552	113.25	6.2932	2.57E-05	909.32	0.25427	0.0033151	2.9935	3.3102e-322	0.53127	4.35E-12	4.3972e-322	0.064125	389.389	450.25
0.9	379.082	32688	0.00024484	0.00021982	6.81E-06	1.94E-05	0.13753	7.72E-11	959.05	0.013129	1.2075	0.0023096	4.32E-08	5.06E-10	0.003167	465.77	0.0062866	0.0021397	623.47	0.0056102	0.0008809	0.027521	0.10951	113.3012821	6.2932	2.66E-05	905.29	0.26364	0.0032307	3.0119	3.7549e-322	0.53205	5.49E-12	4.9407e-322	0.064201	389.571	450.25
1	379.302	32799	0.00024553	0.00022148	1.89E-06	5.33E-06	0.13886	7.80E-11	935.4	0.012793	1.3337	0.0025576	4.95E-08	5.66E-10	0.0032528	464.78	0.0062775	0.0021516	623.72	0.0066686	0.0010109	0.027038	0.12022	113.3589744	6.2932	2.74E-05	901.22	0.27301	0.0031556	3.0294	4.1502e-322	0.53236	6.64E-12	5.4347e-322	0.064286	389.779	450.25
1.1	379.5	32907	0.00024622	0.00022312	5.27E-07	1.46E-06	0.14016	7.87E-11	912.31	0.012463	1.4578	0.0028058	5.64E-08	6.26E-10	0.0033435	463.73	0.0062679	0.0021593	623.97	0.0077329	0.0011413	0.026559	0.13068	113.4102564	6.2932	2.81E-05	897.11	0.28218	0.0030892	3.0469	4.5454e-322	0.53226	7.80E-12	5.9288e-322	0.064378	390	450.25
1.2	379.687	33010	0.0002469	0.00022472	1.46E-07	4.00E-07	0.14144	7.95E-11	889.74	0.01214	1.5799	0.0030542	6.37E-08	6.86E-10	0.0034382	462.64	0.0062579	0.0021644	624.22	0.0088018	0.0012721	0.026084	0.14091	113.474359	6.2932	2.88E-05	892.96	0.29111	0.0030302	3.0644	4.9901e-322	0.53182	8.96E-12	6.4723e-322	0.064478	390.247	450.25
1.3	379.863	33111	0.00024758	0.00022629	4.07E-08	1.10E-07	0.1427	8.02E-11	867.67	0.011822	1.6999	0.0033026	7.16E-08	7.47E-10	0.0035362	461.5	0.0062474	0.0021679	624.47	0.0098754	0.0014032	0.025612	0.1509	113.5384615	6.2932	2.95E-05	888.78	0.2998	0.0029777	3.082	5.3853e-322	0.5311	1.01E-11	7.0651e-322	0.064587	390.507	450.25
1.4	380.028	33207	0.00024825	0.00022783	1.13E-08	3.00E-08	0.14394	8.09E-11	846.08	0.011511	1.818	0.0035513	8.01E-08	8.09E-10	0.0036373	460.32	0.0062366	0.0021704	624.72	0.010954	0.0015346	0.025144	0.16065	113.6089744	6.2932	3.02E-05	884.55	0.30825	0.0029306	3.0998	5.7806e-322	0.53017	1.13E-11	7.6086e-322	0.064702	390.806	450.25
1.5	380.171	33300	0.00024892	0.00022933	3.14E-09	8.22E-09	0.14516	8.16E-11	824.94	0.011206	1.934	0.0038002	8.93E-08	8.71E-10	0.0037414	459.09	0.0062253	0.0021722	624.97	0.012037	0.0016663	0.024678	0.17017	113.6794872	6.2932	3.08E-05	880.3	0.31648	0.0028883	3.1178	6.1758e-322	0.52908	1.25E-11	8.2509e-322	0.064825	391.118	450.25
1.6	380.303	33390	0.00024958	0.00023082	8.74E-10	2.25E-09	0.14636	8.22E-11	804.22	0.010907	2.0481	0.0040492	9.93E-08	9.34E-10	0.0038486	457.81	0.0062136	0.0021737	625.22	0.013124	0.0017982	0.024215	0.17946	113.7564103	6.2932	3.14E-05	876.01	0.32452	0.0028502	3.1358	6.5711e-322	0.52788	1.36E-11	8.7944e-322	0.064956	391.443	450.25
1.7	380.424	33477	0.00025024	0.00023227	2.43E-10	6.17E-10	0.14754	8.29E-11	783.92	0.010614	2.1603	0.0042984	1.10E-07	9.98E-10	0.003959	456.48	0.0062015	0.0021749	625.47	0.014216	0.0019303	0.023755	0.18852	113.8397436	6.2932	3.20E-05	871.69	0.33236	0.0028156	3.1538	6.9663e-322	0.52661	1.48E-11	9.3378e-322	0.065093	391.807	450.25
1.8	380.534	33560	0.00025089	0.0002337	6.75E-11	1.69E-10	0.1487	8.35E-11	764	0.010328	2.2704	0.0045478	1.22E-07	1.06E-09	0.0040726	455.11	0.006189	0.002176	625.71	0.015313	0.0020626	0.023298	0.19736	113.9230769	6.2932	3.25E-05	867.35	0.34003	0.0027843	3.1719	7.3616e-322	0.52532	1.60E-11	9.9307e-322	0.065238	392.184	450.25
1.9	380.633	33640	0.00025154	0.00023511	1.88E-11	4.63E-11	0.14984	8.42E-11	744.44	0.010047	2.3787	0.0047975	1.35E-07	1.13E-09	0.0041896	453.69	0.0061762	0.002177	625.96	0.016414	0.0021951	0.022842	0.20597	114.0064103	6.2932	3.30E-05	862.97	0.34752	0.0027557	3.1899	7.7074e-322	0.52403	1.72E-11	1.0524e-321	0.065389	392.574	450.25
2	380.721	33717	0.00025219	0.00023649	5.21E-12	1.27E-11	0.15095	8.48E-11	725.22	0.0097721	2.4851	0.0050473	1.48E-07	1.19E-09	0.0043104	452.22	0.0061629	0.002178	626.21	0.017519	0.0023278	0.022388	0.21436	114.1025641	6.2932	3.35E-05	858.57	0.35486	0.0027297	3.208	8.1027e-322	0.52278	1.84E-11	1.1116e-321	0.065548	393.003	450.25
2.1	380.787	33792	0.00025283	0.00023786	1.45E-12	3.48E-12	0.15204	8.54E-11	706.32	0.009503	2.5896	0.0052973	1.64E-07	1.26E-09	0.004435	450.7	0.0061493	0.0021789	626.45	0.018629	0.0024606	0.021936	0.22254	114.1987179	6.2932	3.40E-05	854.15	0.36205	0.0027059	3.226	8.4979e-322	0.52159	1.96E-11	1.1759e-321	0.065713	393.445	450.25
2.2	380.853	33863	0.00025347	0.0002392	4.03E-13	9.52E-13	0.15312	8.60E-11	687.74	0.0092397	2.6922	0.0055475	1.80E-07	1.33E-09	0.0045638	449.14	0.0061353	0.0021798	626.7	0.019743	0.0025937	0.021485	0.23049	114.2948718	6.2932	3.45E-05	849.7	0.36909	0.0026842	3.2441	8.9426e-322	0.52047	2.09E-11	1.2352e-321	0.065884	393.913	450.24
2.3	380.897	33932	0.00025411	0.00024053	1.12E-13	2.61E-13	0.15417	8.66E-11	669.45	0.008982	2.793	0.005798	1.98E-07	1.39E-09	0.0046969	447.52	0.0061209	0.0021807	626.94	0.020862	0.0027269	0.021036	0.23823	114.3974359	6.2932	3.49E-05	845.24	0.376	0.0026643	3.2621	9.3872e-322	0.51946	2.21E-11	1.2895e-321	0.066063	394.407	450.24
2.4	380.941	33998	0.00025474	0.00024184	3.11E-14	7.15E-14	0.1552	8.72E-11	651.44	0.0087299	2.892	0.0060486	2.17E-07	1.46E-09	0.0048348	445.86	0.0061061	0.0021815	627.19	0.021986	0.0028603	0.020589	0.24576	114.5064103	6.2932	3.54E-05	840.75	0.38278	0.002646	3.28	9.8319e-322	0.51855	2.33E-11	1.3488e-321	0.066247	394.927	450.24
2.5	380.974	34061	0.00025537	0.00024313	8.65E-15	1.96E-14	0.15621	8.78E-11	633.69	0.0084831	2.9891	0.0062995	2.38E-07	1.53E-09	0.0049777	444.15	0.006091	0.0021824	627.43	0.023114	0.0029939	0.020142	0.25307	114.6153846	6.2932	3.58E-05	836.25	0.38944	0.0026293	3.298	1.0178e-321	0.51776	2.46E-11	1.3982e-321	0.066438	395.46	450.24
2.6	380.996	34122	0.000256	0.00024441	2.40E-15	5.36E-15	0.15721	8.83E-11	616.21	0.0082416	3.0845	0.0065505	2.61E-07	1.60E-09	0.0051259	442.39	0.0060755	0.0021832	627.67	0.024248	0.0031277	0.019697	0.26018	114.7307692	6.2933	3.62E-05	831.73	0.39598	0.0026139	3.3159	1.0622e-321	0.5171	2.58E-11	1.4575e-321	0.066635	396.019	450.24
2.7	381.007	34181	0.00025663	0.00024568	6.68E-16	1.47E-15	0.15818	8.89E-11	598.99	0.0080054	3.1781	0.0068018	2.86E-07	1.67E-09	0.0052797	440.58	0.0060596	0.0021841	627.91	0.025387	0.0032618	0.019254	0.26708	114.8525641	6.2933	3.66E-05	827.2	0.4024	0.0025999	3.3337	1.1067e-321	0.51655	2.71E-11	1.5069e-321	0.066837	396.604	450.24
2.8	381.007	34237	0.00025725	0.00024693	1.86E-16	4.03E-16	0.15913	8.94E-11	582.01	0.0077742	3.2699	0.0070533	3.13E-07	1.74E-09	0.0054395	438.73	0.0060433	0.0021849	628.16	0.026531	0.003396	0.018812	0.27377	114.974359	6.2933	3.69E-05	822.66	0.40872	0.002587	3.3515	1.1512e-321	0.51614	2.84E-11	1.5612e-321	0.067046	397.215	450.24
2.9	381.007	34291	0.00025787	0.00024818	5.16E-17	1.10E-16	0.16007	8.99E-11	565.27	0.007548	3.36	0.007305	3.43E-07	1.81E-09	0.0056056	436.82	0.0060267	0.0021858	628.4	0.02768	0.0035305	0.018372	0.28026	115.0961538	6.2933	3.73E-05	818.1	0.41493	0.0025752	3.3693	1.1956e-321	0.51584	2.97E-11	1.6156e-321	0.067261	397.852	450.24
3	380.996	34343	0.00025849	0.00024941	1.44E-17	3.02E-17	0.16099	9.05E-11	548.78	0.0073267	3.4484	0.007557	3.75E-07	1.89E-09	0.0057784	434.86	0.0060096	0.0021866	628.64	0.028835	0.0036653	0.017933	0.28655	115.2307692	6.2933	3.76E-05	813.54	0.42103	0.0025643	3.387	1.2352e-321	0.51567	3.10E-11	1.6749e-321	0.067481	398.502	450.24
3.1	380.974	34393	0.00025911	0.00025063	3.99E-18	8.28E-18	0.16189	9.10E-11	532.54	0.0071102	3.5351	0.0078091	4.10E-07	1.96E-09	0.0059583	432.86	0.0059922	0.0021874	628.88	0.029995	0.0038003	0.017497	0.29264	115.3653846	6.2933	3.80E-05	808.97	0.42704	0.0025544	3.4046	1.2747e-321	0.51561	3.23E-11	1.7342e-321	0.067707	399.191	450.24
3.2	380.941	34442	0.00025973	0.00025185	1.11E-18	2.27E-18	0.16277	9.15E-11	516.53	0.0068985	3.6201	0.0080615	4.48E-07	2.03E-09	0.0061456	430.81	0.0059744	0.0021883	629.11	0.031162	0.0039355	0.017063	0.29853	115.5	6.2933	3.83E-05	804.39	0.43296	0.0025454	3.4222	1.3142e-321	0.51566	3.36E-11	1.7935e-321	0.067938	399.893	450.24
3.3	380.908	34488	0.00026034	0.00025305	3.08E-19	6.21E-19	0.16363	9.19E-11	500.77	0.0066913	3.7034	0.0083141	4.89E-07	2.11E-09	0.0063409	428.7	0.0059561	0.0021891	629.35	0.032334	0.004071	0.016631	0.30422	115.6474359	6.2933	3.86E-05	799.81	0.43878	0.0025371	3.4398	1.3488e-321	0.51582	3.49E-11	1.8478e-321	0.068175	400.621	450.24
3.4	380.875	34533	0.00026095	0.00025425	8.57E-20	1.70E-19	0.16448	9.24E-11	485.25	0.0064887	3.7851	0.0085669	5.33E-07	2.18E-09	0.0065444	426.55	0.0059374	0.0021899	629.59	0.033512	0.0042067	0.016201	0.30973	115.7884615	6.2933	3.89E-05	795.23	0.44452	0.0025296	3.4572	1.3834e-321	0.51606	3.63E-11	1.9022e-321	0.068417	401.375	450.24
3.5	380.831	34576	0.00026156	0.00025544	2.38E-20	4.66E-20	0.16531	9.29E-11	469.98	0.0062906	3.8652	0.00882	5.82E-07	2.26E-09	0.0067566	424.35	0.0059184	0.0021908	629.83	0.034696	0.0043427	0.015775	0.31503	115.9423077	6.2933	3.92E-05	790.65	0.45017	0.0025227	3.4746	1.418e-321	0.5164	3.76E-11	1.9614e-321	0.068664	402.155	450.24
3.6	380.776	34618	0.00026217	0.00025663	6.62E-21	1.28E-20	0.16612	9.33E-11	454.96	0.0060969	3.9437	0.0090732	6.34E-07	2.33E-09	0.006978	422.1	0.0058988	0.0021916	630.06	0.035886	0.004479	0.015352	0.32015	116.0961538	6.2933	3.95E-05	786.06	0.45574	0.0025165	3.492	1.4526e-321	0.51681	3.90E-11	2.0207e-321	0.068917	402.961	450.24
3.7	380.721	34659	0.00026278	0.00025781	1.84E-21	3.50E-21	0.16692	9.38E-11	440.19	0.0059075	4.0206	0.0093267	6.90E-07	2.41E-09	0.0072091	419.79	0.0058788	0.0021924	630.3	0.037082	0.0046156	0.014932	0.32508	116.2564103	6.2933	3.98E-05	781.48	0.46122	0.0025109	3.5093	1.4921e-321	0.51729	4.04E-11	2.0751e-321	0.069174	403.78	450.24
3.8	380.666	34698	0.00026339	0.00025899	5.11E-22	9.59E-22	0.1677	9.42E-11	425.68	0.0057223	4.0959	0.0095804	7.51E-07	2.48E-09	0.0074503	417.44	0.0058584	0.0021932	630.53	0.038284	0.0047525	0.014515	0.32982	116.4166667	6.2933	4.00E-05	776.9	0.46663	0.0025058	3.5265	1.5267e-321	0.51784	4.18E-11	2.1344e-321	0.069436	404.638	450.24
3.9	380.6	34736	0.00026399	0.00026016	1.42E-22	2.63E-22	0.16847	9.47E-11	411.42	0.0055413	4.1697	0.0098343	8.17E-07	2.56E-09	0.0077022	415.04	0.0058375	0.0021941	630.77	0.039493	0.0048896	0.014103	0.33438	116.5833333	6.2933	4.03E-05	772.33	0.47197	0.0025012	3.5437	1.5612e-321	0.51845	4.32E-11	2.1838e-321	0.069703	405.522	450.24
4	380.534	34772	0.00026459	0.00026133	3.95E-23	7.20E-23	0.16922	9.51E-11	397.44	0.0053645	4.242	0.010088	8.88E-07	2.64E-09	0.0079652	412.58	0.0058161	0.0021949	631	0.040708	0.005027	0.013695	0.33876	116.75	6.2933	4.06E-05	767.76	0.47723	0.0024972	3.5607	1.6057e-321	0.5191	4.46E-11	2.2431e-321	0.069975	406.419	450.24
4.1	380.457	34808	0.00026519	0.0002625	1.10E-23	1.97E-23	0.16995	9.55E-11	383.71	0.0051917	4.3127	0.010343	9.64E-07	2.72E-09	0.0082398	410.08	0.0057942	0.0021957	631.23	0.041929	0.0051648	0.013291	0.34295	116.9294872	6.2933	4.08E-05	763.2	0.48241	0.0024936	3.5777	1.6452e-321	0.51979	4.60E-11	2.2974e-321	0.070251	407.355	450.24
4.2	380.38	34843	0.00026579	0.00026366	3.05E-24	5.40E-24	0.17067	9.59E-11	370.26	0.0050228	4.382	0.010597	1.05E-06	2.80E-09	0.0085267	407.52	0.0057718	0.0021965	631.47	0.043156	0.0053028	0.012891	0.34696	117.1025641	6.2933	4.10E-05	758.65	0.48753	0.0024904	3.5947	1.6848e-321	0.52052	4.74E-11	2.3567e-321	0.070532	408.304	450.24
4.3	380.303	34877	0.00026639	0.00026483	8.48E-25	1.48E-24	0.17138	9.63E-11	357.08	0.004858	4.4498	0.010852	1.13E-06	2.88E-09	0.0088263	404.92	0.0057489	0.0021973	631.7	0.04439	0.0054411	0.012497	0.35079	117.2884615	6.2933	4.13E-05	754.11	0.49259	0.0024875	3.6115	1.7193e-321	0.52128	4.89E-11	2.4209e-321	0.070818	409.292	450.24
4.4	380.226	34910	0.00026699	0.00026599	2.36E-25	4.05E-25	0.17207	9.67E-11	344.18	0.004697	4.5161	0.011107	1.23E-06	2.96E-09	0.0091393	402.26	0.0057255	0.0021981	631.93	0.045631	0.0055798	0.012107	0.35445	117.474359	6.2933	4.15E-05	749.58	0.49758	0.0024851	3.6283	1.7539e-321	0.52207	5.03E-11	2.4802e-321	0.071108	410.293	450.24
4.5	380.149	34943	0.00026758	0.00026715	6.55E-26	1.11E-25	0.17274	9.71E-11	331.56	0.0045398	4.581	0.011362	1.33E-06	3.04E-09	0.009466	399.55	0.0057015	0.0021989	632.16	0.046878	0.0057187	0.011723	0.35793	117.6666667	6.2933	4.17E-05	745.06	0.5025	0.002483	3.645	1.7935e-321	0.52287	5.18E-11	2.5346e-321	0.071402	411.333	450.24
4.6	380.061	34975	0.00026817	0.00026831	1.82E-26	3.04E-26	0.17341	9.74E-11	319.21	0.0043864	4.6445	0.011618	1.44E-06	3.12E-09	0.0098072	396.79	0.0056769	0.0021997	632.39	0.048132	0.0058579	0.011345	0.36125	117.8589744	6.2933	4.19E-05	740.56	0.50737	0.0024812	3.6616	1.833e-321	0.52369	5.33E-11	2.5938e-321	0.0717	412.386	450.24
4.7	379.973	35006	0.00026876	0.00026946	5.06E-27	8.33E-27	0.17406	9.78E-11	307.15	0.0042367	4.7066	0.011873	1.55E-06	3.20E-09	0.010163	393.98	0.0056518	0.0022005	632.62	0.049392	0.0059975	0.010972	0.36438	118.0576923	6.2933	4.21E-05	736.07	0.51218	0.0024797	3.6782	1.8626e-321	0.52453	5.48E-11	2.6531e-321	0.072003	413.478	450.24
4.8	379.896	35037	0.00026935	0.00027062	1.41E-27	2.28E-27	0.17469	9.82E-11	295.37	0.0040907	4.7673	0.012129	1.68E-06	3.28E-09	0.010535	391.11	0.0056261	0.0022013	632.85	0.050659	0.0061373	0.010605	0.36735	118.2564103	6.2933	4.23E-05	731.59	0.51693	0.0024785	3.6946	1.9071e-321	0.52537	5.63E-11	2.7075e-321	0.07231	414.583	450.24
4.9	379.808	35067	0.00026994	0.00027178	3.91E-28	6.26E-28	0.17531	9.85E-11	283.88	0.0039484	4.8267	0.012385	1.81E-06	3.36E-09	0.010923	388.2	0.0055997	0.0022021	633.07	0.051932	0.0062775	0.010244	0.37016	118.4615385	6.2933	4.25E-05	727.14	0.52162	0.0024776	3.711	1.9466e-321	0.52621	5.78E-11	2.7618e-321	0.07262	415.727	450.24
5	379.72	35097	0.00027053	0.00027293	1.09E-28	1.71E-28	0.17592	9.89E-11	272.68	0.0038096	4.8847	0.012642	1.95E-06	3.44E-09	0.011327	385.23	0.0055728	0.0022029	633.3	0.053212	0.006418	0.0098896	0.3728	118.6730769	6.2933	4.27E-05	722.69	0.52627	0.0024768	3.7272	1.9861e-321	0.52707	5.93E-11	2.8162e-321	0.072935	416.884	450.24
5.1	379.621	35127	0.00027111	0.00027409	3.02E-29	4.69E-29	0.17652	9.92E-11	261.76	0.0036744	4.9414	0.012898	2.10E-06	3.53E-09	0.011748	382.21	0.0055452	0.0022037	633.53	0.054499	0.0065588	0.0095416	0.37527	118.8846154	6.2933	4.29E-05	718.27	0.53086	0.0024763	3.7434	2.0207e-321	0.52792	6.08E-11	2.8705e-321	0.073253	418.08	450.24
5.2	379.533	35156	0.0002717	0.00027524	8.40E-30	1.29E-29	0.1771	9.95E-11	251.13	0.0035427	4.9968	0.013155	2.26E-06	3.61E-09	0.012187	379.14	0.005517	0.0022045	633.75	0.055792	0.0066999	0.0092001	0.37758	119.1025641	6.2933	4.31E-05	713.87	0.5354	0.002476	3.7595	2.0553e-321	0.52877	6.24E-11	2.9298e-321	0.073576	419.289	450.24
5.3	379.445	35185	0.00027228	0.0002764	2.34E-30	3.52E-30	0.17768	9.98E-11	240.78	0.0034144	5.0509	0.013412	2.43E-06	3.70E-09	0.012643	376.02	0.0054881	0.0022053	633.98	0.057092	0.0068413	0.0088655	0.37973	119.3269231	6.2933	4.32E-05	709.48	0.53989	0.0024759	3.7755	2.0948e-321	0.52962	6.39E-11	2.9842e-321	0.073902	420.537	450.24
5.4	379.357	35214	0.00027285	0.00027756	6.49E-31	9.65E-31	0.17824	1.00E-10	230.73	0.0032896	5.1038	0.013669	2.60E-06	3.78E-09	0.013118	372.85	0.0054586	0.0022061	634.2	0.058398	0.006983	0.0085377	0.38173	119.5512821	6.2933	4.34E-05	705.11	0.54433	0.002476	3.7914	2.1344e-321	0.53047	6.55E-11	3.0385e-321	0.074231	421.798	450.24
5.5	379.269	35242	0.00027343	0.00027871	1.80E-31	2.64E-31	0.17878	1.00E-10	220.96	0.0031681	5.1554	0.013926	2.79E-06	3.87E-09	0.013611	369.62	0.0054284	0.0022069	634.43	0.059712	0.0071251	0.0082169	0.38357	119.775641	6.2933	4.36E-05	700.77	0.54873	0.0024762	3.8072	2.164e-321	0.53132	6.71E-11	3.0978e-321	0.074564	423.098	450.24
5.6	379.17	35271	0.00027401	0.00027987	5.01E-32	7.25E-32	0.17932	1.01E-10	211.47	0.00305	5.2058	0.014183	2.99E-06	3.95E-09	0.014122	366.35	0.0053975	0.0022076	634.65	0.061031	0.0072674	0.0079032	0.38526	120.0128205	6.2933	4.37E-05	696.44	0.55308	0.0024766	3.8229	2.2035e-321	0.53216	6.87E-11	3.1521e-321	0.074901	424.411	450.24
5.7	379.082	35300	0.00027458	0.00028103	1.39E-32	1.98E-32	0.17985	1.01E-10	202.27	0.0029352	5.255	0.014441	3.20E-06	4.04E-09	0.014653	363.03	0.0053659	0.0022084	634.87	0.062358	0.0074101	0.0075967	0.38679	120.2435897	6.2933	4.39E-05	692.13	0.55739	0.0024771	3.8385	2.2381e-321	0.533	7.03E-11	3.2065e-321	0.075241	425.763	450.24
5.8	378.994	35328	0.00027515	0.00028219	3.87E-33	5.44E-33	0.18036	1.01E-10	193.36	0.0028236	5.303	0.014699	3.42E-06	4.12E-09	0.015202	359.65	0.0053337	0.0022092	635.09	0.063691	0.007553	0.0072975	0.38818	120.4871795	6.2933	4.41E-05	687.85	0.56165	0.0024777	3.854	2.2776e-321	0.53384	7.19E-11	3.2707e-321	0.075585	427.128	450.24
5.9	378.906	35356	0.00027572	0.00028334	1.08E-33	1.49E-33	0.18086	1.02E-10	184.72	0.0027153	5.3498	0.014957	3.65E-06	4.21E-09	0.01577	356.23	0.0053007	0.00221	635.31	0.065031	0.0076963	0.0070057	0.38942	120.7307692	6.2933	4.42E-05	683.59	0.56588	0.0024784	3.8694	2.3122e-321	0.53467	7.35E-11	3.3251e-321	0.075931	428.519	450.24
6	378.807	35385	0.00027628	0.0002845	2.99E-34	4.08E-34	0.18136	1.02E-10	176.36	0.0026101	5.3955	0.015215	3.89E-06	4.30E-09	0.016357	352.76	0.005267	0.0022107	635.53	0.066377	0.0078399	0.0067212	0.39051	120.974359	6.2933	4.44E-05	679.35	0.57006	0.0024793	3.8846	2.3468e-321	0.5355	7.52E-11	3.3794e-321	0.076282	429.949	450.24
6.1	378.719	35413	0.00027685	0.00028566	8.32E-35	1.12E-34	0.18184	1.02E-10	168.27	0.002508	5.4401	0.015474	4.14E-06	4.38E-09	0.016962	349.25	0.0052326	0.0022115	635.75	0.06773	0.0079838	0.0064442	0.39147	121.224359	6.2933	4.45E-05	675.13	0.57421	0.0024802	3.8998	2.3814e-321	0.53632	7.68E-11	3.4338e-321	0.076635	431.392	450.24
6.2	378.631	35441	0.00027741	0.00028682	2.31E-35	3.06E-35	0.18231	1.02E-10	160.46	0.002409	5.4836	0.015732	4.41E-06	4.47E-09	0.017585	345.69	0.0051975	0.0022123	635.97	0.06909	0.0081279	0.0061746	0.39228	121.474359	6.2933	4.47E-05	670.93	0.57831	0.0024813	3.9149	2.4209e-321	0.53715	7.85E-11	3.4881e-321	0.076991	432.861	450.24
6.3	378.543	35470	0.00027796	0.00028798	6.43E-36	8.39E-36	0.18277	1.03E-10	152.91	0.0023131	5.5259	0.015991	4.69E-06	4.56E-09	0.018225	342.08	0.0051616	0.002213	636.19	0.070456	0.0082724	0.0059125	0.39295	121.7307692	6.2933	4.48E-05	666.76	0.58238	0.0024824	3.9299	2.4506e-321	0.53797	8.01E-11	3.5425e-321	0.077351	434.343	450.24
6.4	378.455	35498	0.00027852	0.00028913	1.79E-36	2.30E-36	0.18323	1.03E-10	145.63	0.0022201	5.5672	0.01625	4.97E-06	4.65E-09	0.018883	338.43	0.0051251	0.0022138	636.41	0.071829	0.0084172	0.0056579	0.3935	121.9935897	6.2934	4.49E-05	662.61	0.5864	0.0024836	3.9447	2.4852e-321	0.53878	8.18E-11	3.5919e-321	0.077713	435.864	450.24
6.5	378.367	35527	0.00027907	0.00029029	4.97E-37	6.30E-37	0.18367	1.03E-10	138.61	0.0021301	5.6075	0.016509	5.28E-06	4.74E-09	0.019558	334.74	0.0050879	0.0022145	636.62	0.073209	0.0085623	0.0054108	0.39391	122.2564103	6.2934	4.51E-05	658.48	0.59039	0.0024849	3.9595	2.5148e-321	0.5396	8.35E-11	3.6413e-321	0.078079	437.398	450.24
6.6	378.279	35555	0.00027962	0.00029145	1.38E-37	1.73E-37	0.1841	1.03E-10	131.84	0.002043	5.6467	0.016769	5.59E-06	4.83E-09	0.020248	331	0.0050499	0.0022153	636.84	0.074595	0.0087077	0.0051711	0.39419	122.5192308	6.2934	4.52E-05	654.37	0.59434	0.0024863	3.9741	2.5494e-321	0.54041	8.52E-11	3.6956e-321	0.078448	438.958	450.24
6.7	378.191	35584	0.00028017	0.00029261	3.84E-38	4.73E-38	0.18453	1.04E-10	125.33	0.0019588	5.685	0.017028	5.92E-06	4.91E-09	0.020953	327.23	0.0050113	0.002216	637.05	0.075987	0.0088534	0.0049388	0.39434	122.7884615	6.2934	4.53E-05	650.29	0.59825	0.0024877	3.9886	2.584e-321	0.54122	8.69E-11	3.745e-321	0.078819	440.531	450.24
6.8	378.114	35613	0.00028071	0.00029376	1.07E-38	1.30E-38	0.18494	1.04E-10	119.07	0.0018774	5.7222	0.017288	6.25E-06	5.00E-09	0.021673	323.42	0.004972	0.0022168	637.27	0.077386	0.0089993	0.0047139	0.39437	123.0576923	6.2934	4.55E-05	646.23	0.60213	0.0024892	4.0031	2.6136e-321	0.54203	8.86E-11	3.8043e-321	0.079193	442.13	450.24
6.9	378.026	35641	0.00028125	0.00029492	2.96E-39	3.55E-39	0.18535	1.04E-10	113.05	0.0017987	5.7585	0.017548	6.60E-06	5.09E-09	0.022406	319.58	0.0049321	0.0022175	637.48	0.078792	0.0091456	0.0044964	0.39428	123.3333333	6.2934	4.56E-05	642.19	0.60596	0.0024908	4.0174	2.6482e-321	0.54284	9.03E-11	3.8587e-321	0.07957	443.742	450.24
7	377.938	35670	0.00028179	0.00029607	8.24E-40	9.72E-40	0.18574	1.04E-10	107.26	0.0017227	5.7939	0.017808	6.97E-06	5.18E-09	0.023152	315.7	0.0048915	0.0022183	637.7	0.080204	0.0092921	0.0042861	0.39407	123.6089744	6.2934	4.57E-05	638.17	0.60976	0.0024924	4.0316	2.6828e-321	0.54365	9.21E-11	3.9229e-321	0.07995	445.38	450.24
7.1	377.861	35699	0.00028233	0.00029722	2.29E-40	2.66E-40	0.18613	1.05E-10	101.71	0.0016494	5.8283	0.018068	7.34E-06	5.28E-09	0.02391	311.79	0.0048503	0.002219	637.91	0.081623	0.0094389	0.0040829	0.39374	123.8846154	6.2934	4.58E-05	634.18	0.61352	0.0024941	4.0457	2.7174e-321	0.54446	9.38E-11	3.9772e-321	0.080332	447.031	450.24
7.2	377.773	35728	0.00028286	0.00029837	6.37E-41	7.29E-41	0.18651	1.05E-10	96.386	0.0015787	5.8619	0.018329	7.73E-06	5.37E-09	0.024679	307.86	0.0048084	0.0022197	638.12	0.083047	0.009586	0.0038868	0.39331	124.1666667	6.2934	4.60E-05	630.2	0.61725	0.0024958	4.0597	2.7519e-321	0.54527	9.56E-11	4.0316e-321	0.080717	448.695	450.24
7.3	377.685	35757	0.00028339	0.00029952	1.77E-41	2.00E-41	0.18688	1.05E-10	91.282	0.0015104	5.8946	0.01859	8.12E-06	5.46E-09	0.02546	303.9	0.004766	0.0022205	638.33	0.084479	0.0097333	0.0036977	0.39276	124.4487179	6.2934	4.61E-05	626.25	0.62094	0.0024976	4.0735	2.7865e-321	0.54608	9.73E-11	4.0859e-321	0.081105	450.385	450.24
7.4	377.608	35786	0.00028391	0.00030067	4.92E-42	5.48E-42	0.18725	1.05E-10	86.394	0.0014447	5.9264	0.01885	8.53E-06	5.55E-09	0.026252	299.91	0.004723	0.0022212	638.54	0.085917	0.0098809	0.0035155	0.39211	124.7371795	6.2934	4.62E-05	622.33	0.62459	0.0024994	4.0873	2.8211e-321	0.5469	9.91E-11	4.1353e-321	0.081495	452.075	450.23
7.5	377.531	35815	0.00028443	0.00030182	1.37E-42	1.50E-42	0.1876	1.05E-10	81.716	0.0013814	5.9574	0.019111	8.95E-06	5.64E-09	0.027054	295.9	0.0046795	0.0022219	638.75	0.087361	0.010029	0.00334	0.39136	125.0192308	6.2934	4.63E-05	618.42	0.62821	0.0025013	4.101	2.8508e-321	0.54771	1.01E-10	4.1847e-321	0.081888	453.778	450.23
7.6	377.443	35845	0.00028495	0.00030296	3.80E-43	4.11E-43	0.18795	1.06E-10	77.241	0.0013204	5.9877	0.019372	9.39E-06	5.73E-09	0.027868	291.88	0.0046355	0.0022227	638.96	0.088811	0.010177	0.0031712	0.39051	125.3076923	6.2934	4.64E-05	614.53	0.6318	0.0025032	4.1145	2.8853e-321	0.54852	1.03E-10	4.2391e-321	0.082283	455.494	450.23
7.7	377.366	35874	0.00028546	0.0003041	1.06E-43	1.13E-43	0.18829	1.06E-10	72.965	0.0012618	6.0171	0.019634	9.83E-06	5.83E-09	0.028694	287.83	0.004591	0.0022234	639.17	0.090268	0.010325	0.0030088	0.38956	125.5961538	6.2934	4.65E-05	610.67	0.63535	0.0025051	4.1279	2.915e-321	0.54934	1.04E-10	4.2934e-321	0.082681	457.223	450.23
7.8	377.289	35903	0.00028597	0.00030524	2.94E-44	3.08E-44	0.18862	1.06E-10	68.88	0.0012054	6.0459	0.019895	1.03E-05	5.92E-09	0.029533	283.78	0.004546	0.0022241	639.37	0.091731	0.010474	0.0028528	0.38851	125.8910256	6.2934	4.66E-05	606.83	0.63888	0.002507	4.1412	2.9496e-321	0.55016	1.06E-10	4.3478e-321	0.083081	458.952	450.23
7.9	377.212	35932	0.00028648	0.00030638	8.16E-45	8.45E-45	0.18895	1.06E-10	64.98	0.0011511	6.0739	0.020157	1.07E-05	6.01E-09	0.030388	279.72	0.0045006	0.0022248	639.58	0.093201	0.010623	0.002703	0.38738	126.1794872	6.2934	4.67E-05	603.01	0.64238	0.0025088	4.1544	2.9792e-321	0.55098	1.08E-10	4.4021e-321	0.083483	460.694	450.23
8	377.135	35962	0.00028698	0.00030751	2.27E-45	2.31E-45	0.18927	1.06E-10	61.261	0.001099	6.1012	0.020419	1.12E-05	6.10E-09	0.031262	275.64	0.0044548	0.0022255	639.79	0.094676	0.010772	0.0025593	0.38616	126.474359	6.2934	4.68E-05	599.21	0.64586	0.0025107	4.1674	3.0138e-321	0.5518	1.10E-10	4.4565e-321	0.083888	462.423	450.23
8.1	377.058	35991	0.00028748	0.00030864	6.30E-46	6.34E-46	0.18958	1.07E-10	57.715	0.0010489	6.1279	0.020681	1.17E-05	6.20E-09	0.032158	271.57	0.0044087	0.0022262	639.99	0.096158	0.010921	0.0024215	0.38486	126.7692308	6.2934	4.69E-05	595.43	0.64933	0.0025124	4.1803	3.0484e-321	0.55262	1.12E-10	4.5108e-321	0.084295	464.165	450.23
8.2	376.981	36021	0.00028797	0.00030976	1.75E-46	1.74E-46	0.18989	1.07E-10	54.338	0.0010008	6.1539	0.020943	1.22E-05	6.29E-09	0.033081	267.49	0.0043622	0.0022269	640.2	0.097646	0.011071	0.0022895	0.38348	127.0641026	6.2934	4.70E-05	591.67	0.65278	0.0025141	4.1931	3.083e-321	0.55345	1.14E-10	4.5701e-321	0.084704	465.907	450.23
8.3	376.904	36050	0.00028846	0.00031089	4.87E-47	4.76E-47	0.19018	1.07E-10	51.122	0.00095466	6.1793	0.021205	1.27E-05	6.38E-09	0.034038	263.41	0.0043155	0.0022276	640.4	0.09914	0.011221	0.0021631	0.38202	127.3589744	6.2934	4.72E-05	587.93	0.65624	0.0025155	4.2057	3.1176e-321	0.55428	1.15E-10	4.6245e-321	0.085115	467.649	450.23
8.4	376.827	36080	0.00028895	0.00031201	1.35E-47	1.30E-47	0.19048	1.07E-10	48.063	0.00091037	6.2042	0.021467	1.32E-05	6.48E-09	0.035037	259.34	0.0042684	0.0022284	640.6	0.10064	0.011371	0.0020422	0.38049	127.6538462	6.2934	4.73E-05	584.21	0.6597	0.0025168	4.2181	3.1521e-321	0.55511	1.17E-10	4.6788e-321	0.085529	469.378	450.23
8.5	376.75	36109	0.00028943	0.00031312	3.76E-48	3.57E-48	0.19076	1.07E-10	45.154	0.00086791	6.2285	0.02173	1.37E-05	6.57E-09	0.036085	255.27	0.0042211	0.0022291	640.81	0.10215	0.011521	0.0019266	0.37889	127.9487179	6.2934	4.74E-05	580.51	0.66317	0.0025179	4.2303	3.1867e-321	0.55594	1.19E-10	4.7331e-321	0.085944	471.094	450.23
8.6	376.673	36139	0.00028991	0.00031423	1.05E-48	9.79E-49	0.19104	1.07E-10	42.391	0.00082721	6.2524	0.021993	1.43E-05	6.67E-09	0.037188	251.21	0.0041737	0.0022297	641.01	0.10366	0.011671	0.0018161	0.37723	128.2435897	6.2934	4.75E-05	576.84	0.66666	0.0025187	4.2424	3.2262e-321	0.55677	1.21E-10	4.7875e-321	0.086362	472.81	450.23
8.7	376.596	36168	0.00029038	0.00031534	2.91E-49	2.68E-49	0.19131	1.08E-10	39.768	0.00078823	6.2757	0.022255	1.48E-05	6.76E-09	0.038339	247.16	0.004126	0.0022304	641.21	0.10518	0.011822	0.0017108	0.3755	128.5384615	6.2935	4.76E-05	573.18	0.67017	0.0025193	4.2542	3.2559e-321	0.55761	1.23E-10	4.8369e-321	0.086782	474.5	450.23
8.8	376.53	36198	0.00029085	0.00031644	8.08E-50	7.34E-50	0.19158	1.08E-10	37.281	0.00075091	6.2985	0.022518	1.53E-05	6.85E-09	0.039532	243.12	0.0040781	0.0022311	641.41	0.1067	0.011973	0.0016103	0.37372	128.8333333	6.2935	4.77E-05	569.54	0.67368	0.0025196	4.2659	3.2905e-321	0.55845	1.25E-10	4.8912e-321	0.087204	476.19	450.23
8.9	376.453	36227	0.00029132	0.00031754	2.25E-50	2.01E-50	0.19184	1.08E-10	34.924	0.00071521	6.3209	0.022781	1.59E-05	6.95E-09	0.040763	239.09	0.0040301	0.0022318	641.61	0.10823	0.012124	0.0015146	0.37188	129.1282051	6.2935	4.78E-05	565.92	0.67721	0.0025198	4.2774	3.3251e-321	0.55929	1.27E-10	4.9456e-321	0.087628	477.867	450.23
9	376.376	36257	0.00029178	0.00031863	6.24E-51	5.51E-51	0.19209	1.08E-10	32.692	0.00068109	6.3428	0.023045	1.64E-05	7.04E-09	0.042027	235.08	0.003982	0.0022325	641.81	0.10977	0.012275	0.0014235	0.37	129.4230769	6.2935	4.80E-05	562.32	0.68073	0.0025197	4.2888	3.3547e-321	0.56013	1.29E-10	4.995e-321	0.088054	479.531	450.23
9.1	376.31	36286	0.00029224	0.00031972	1.74E-51	1.51E-51	0.19234	1.08E-10	30.581	0.00064849	6.3642	0.023308	1.70E-05	7.14E-09	0.043317	231.09	0.0039337	0.0022332	642	0.11131	0.012426	0.0013368	0.36807	129.7115385	6.2935	4.81E-05	558.75	0.68425	0.0025196	4.2999	3.3942e-321	0.56098	1.30E-10	5.0444e-321	0.088482	481.195	450.23
9.2	376.233	36315	0.00029269	0.0003208	4.82E-52	4.14E-52	0.19259	1.08E-10	28.586	0.00061737	6.3852	0.023572	1.75E-05	7.24E-09	0.04463	227.12	0.0038854	0.0022339	642.2	0.11286	0.012578	0.0012546	0.36611	130	6.2935	4.82E-05	555.19	0.68777	0.0025193	4.311	3.4338e-321	0.56182	1.32E-10	5.0988e-321	0.088912	482.833	450.23
9.3	376.167	36345	0.00029313	0.00032188	1.34E-52	1.13E-52	0.19283	1.08E-10	26.702	0.00058769	6.4057	0.023835	1.81E-05	7.33E-09	0.04596	223.17	0.003837	0.0022345	642.4	0.11442	0.01273	0.0011765	0.36411	130.2884615	6.2935	4.83E-05	551.65	0.69127	0.002519	4.3219	3.4634e-321	0.56267	1.34E-10	5.1482e-321	0.089344	484.471	450.23
9.4	376.09	36374	0.00029358	0.00032295	3.73E-53	3.11E-53	0.19306	1.08E-10	24.926	0.00055939	6.4258	0.024099	1.87E-05	7.43E-09	0.047304	219.24	0.0037886	0.0022352	642.59	0.11598	0.012881	0.0011025	0.36208	130.5769231	6.2935	4.85E-05	548.13	0.69476	0.0025186	4.3326	3.5029e-321	0.56352	1.36E-10	5.2075e-321	0.089778	486.096	450.23
9.5	376.024	36403	0.00029402	0.00032401	1.04E-53	8.51E-54	0.19329	1.09E-10	23.251	0.00053245	6.4455	0.024363	1.92E-05	7.52E-09	0.048658	215.34	0.0037401	0.0022359	642.79	0.11754	0.013033	0.0010324	0.36003	130.8589744	6.2935	4.86E-05	544.63	0.69823	0.0025181	4.3433	3.5326e-321	0.56437	1.38E-10	5.2667e-321	0.090213	487.708	450.23
9.6	375.947	36433	0.00029445	0.00032507	2.88E-54	2.33E-54	0.19351	1.09E-10	21.675	0.0005068	6.4648	0.024627	1.98E-05	7.62E-09	0.050016	211.47	0.0036917	0.0022366	642.98	0.11911	0.013185	0.00096616	0.35795	131.1410256	6.2935	4.87E-05	541.14	0.70167	0.0025177	4.3538	3.5573e-321	0.56523	1.40E-10	5.326e-321	0.090651	489.32	450.23
9.7	375.881	36462	0.00029488	0.00032612	8.00E-55	6.38E-55	0.19373	1.09E-10	20.192	0.00048241	6.4837	0.024892	2.04E-05	7.71E-09	0.051376	207.62	0.0036432	0.0022372	643.17	0.12069	0.013337	0.00090352	0.35586	131.4230769	6.2935	4.88E-05	537.68	0.70509	0.0025172	4.3642	3.5919e-321	0.56608	1.42E-10	5.3804e-321	0.091091	490.919	450.23
9.8	375.804	36491	0.0002953	0.00032717	2.22E-55	1.75E-55	0.19394	1.09E-10	18.799	0.00045923	6.5021	0.025156	2.10E-05	7.81E-09	0.052732	203.8	0.0035948	0.0022379	643.37	0.12228	0.01349	0.00084438	0.35376	131.6923077	6.2935	4.89E-05	534.24	0.70848	0.0025167	4.3744	3.6264e-321	0.56694	1.44E-10	5.4347e-321	0.091532	492.505	450.23
9.9	375.738	36520	0.00029572	0.00032821	6.18E-56	4.79E-56	0.19415	1.09E-10	17.491	0.00043722	6.5202	0.025421	2.15E-05	7.91E-09	0.054082	200.02	0.0035465	0.0022386	643.56	0.12387	0.013642	0.00078861	0.35165	131.9679487	6.2935	4.91E-05	530.81	0.71183	0.0025163	4.3846	3.6561e-321	0.56779	1.46E-10	5.4891e-321	0.091976	494.078	450.23
10	375.672	36549	0.00029614	0.00032924	1.72E-56	1.31E-56	0.19435	1.09E-10	16.264	0.00041633	6.538	0.025685	2.21E-05	8.00E-09	0.055422	196.27	0.0034983	0.0022392	643.75	0.12546	0.013795	0.00073607	0.34954	132.2371795	6.2935	4.92E-05	527.41	0.71514	0.0025159	4.3947	3.6956e-321	0.56865	1.48E-10	5.5385e-321	0.092421	495.638	450.22
10.1	375.606	36579	0.00029655	0.00033027	4.78E-57	3.60E-57	0.19455	1.09E-10	15.114	0.00039653	6.5553	0.02595	2.27E-05	8.10E-09	0.056747	192.55	0.0034502	0.0022399	643.94	0.12706	0.013947	0.00068661	0.34744	132.5	6.2935	4.93E-05	524.02	0.71842	0.0025156	4.4047	3.7253e-321	0.56951	1.50E-10	5.5879e-321	0.092869	497.198	450.22
10.2	375.529	36608	0.00029695	0.00033129	1.33E-57	9.85E-58	0.19474	1.09E-10	14.037	0.00037775	6.5723	0.026215	2.33E-05	8.20E-09	0.058055	188.87	0.0034022	0.0022405	644.13	0.12867	0.0141	0.0006401	0.34534	132.7564103	6.2935	4.94E-05	520.65	0.72164	0.0025153	4.4146	3.75e-321	0.57037	1.52E-10	5.6373e-321	0.093318	498.745	450.22
10.3	375.463	36636	0.00029735	0.0003323	3.69E-58	2.70E-58	0.19493	1.10E-10	13.031	0.00035998	6.5889	0.02648	2.38E-05	8.29E-09	0.059343	185.23	0.0033544	0.0022412	644.32	0.13028	0.014253	0.0005964	0.34325	133.0128205	6.2935	4.95E-05	517.3	0.72482	0.0025152	4.4244	3.7845e-321	0.57123	1.54E-10	5.6867e-321	0.093769	500.279	450.22
10.4	375.397	36665	0.00029775	0.0003333	1.03E-58	7.40E-59	0.19512	1.10E-10	12.09	0.00034315	6.6052	0.026745	2.44E-05	8.39E-09	0.060606	181.63	0.0033067	0.0022418	644.51	0.1319	0.014405	0.00055539	0.34117	133.2628205	6.2935	4.96E-05	513.97	0.72795	0.0025151	4.4341	3.8092e-321	0.57209	1.55E-10	5.7312e-321	0.094222	501.813	450.22
10.5	375.331	36694	0.00029814	0.0003343	2.85E-59	2.03E-59	0.1953	1.10E-10	11.211	0.00032723	6.6211	0.02701	2.50E-05	8.49E-09	0.061843	178.06	0.0032593	0.0022425	644.69	0.13352	0.014558	0.00051693	0.33912	133.5064103	6.2935	4.97E-05	510.66	0.73103	0.0025152	4.4438	3.8438e-321	0.57295	1.57E-10	5.7806e-321	0.094676	503.334	450.22
10.6	375.265	36723	0.00029853	0.00033529	7.92E-60	5.55E-60	0.19548	1.10E-10	10.391	0.00031218	6.6367	0.027276	2.55E-05	8.58E-09	0.06305	174.54	0.003212	0.0022431	644.88	0.13515	0.014711	0.00048089	0.33708	133.75	6.2935	4.98E-05	507.37	0.73405	0.0025155	4.4534	3.8784e-321	0.57381	1.59E-10	5.8349e-321	0.095133	504.842	450.22
10.7	375.199	36752	0.00029891	0.00033627	2.20E-60	1.52E-60	0.19565	1.10E-10	9.6265	0.00029796	6.652	0.027541	2.61E-05	8.68E-09	0.064226	171.06	0.0031651	0.0022438	645.07	0.13678	0.014864	0.00044716	0.33507	133.9807692	6.2936	4.99E-05	504.1	0.73701	0.0025158	4.4629	3.9081e-321	0.57468	1.61E-10	5.8893e-321	0.095591	506.337	450.22
10.8	375.133	36780	0.00029928	0.00033725	6.12E-61	4.17E-61	0.19582	1.10E-10	8.9144	0.00028453	6.667	0.027807	2.67E-05	8.78E-09	0.065366	167.63	0.0031183	0.0022444	645.25	0.13842	0.015017	0.0004156	0.33309	134.2115385	6.2936	5.00E-05	500.84	0.7399	0.0025164	4.4724	3.9377e-321	0.57554	1.63E-10	5.9436e-321	0.096051	507.832	450.22
10.9	375.067	36809	0.00029966	0.00033821	1.70E-61	1.14E-61	0.19599	1.10E-10	8.2516	0.00027185	6.6817	0.028073	2.72E-05	8.88E-09	0.066469	164.24	0.0030719	0.002245	645.43	0.14007	0.015169	0.00038611	0.33114	134.4358974	6.2936	5.01E-05	497.61	0.74274	0.0025171	4.4818	3.9624e-321	0.5764	1.65E-10	5.998e-321	0.096513	509.314	450.22
11	375.001	36837	0.00030002	0.00033917	4.73E-62	3.13E-62	0.19615	1.10E-10	7.6351	0.00025988	6.696	0.028338	2.78E-05	8.97E-09	0.067534	160.9	0.0030258	0.0022457	645.62	0.14172	0.015322	0.00035857	0.32923	134.6538462	6.2936	5.01E-05	494.39	0.74551	0.0025179	4.4912	3.9822e-321	0.57726	1.67E-10	6.0474e-321	0.096977	510.783	450.22
11.1	374.935	36866	0.00030039	0.00034012	1.31E-62	8.57E-63	0.19631	1.10E-10	7.0621	0.0002486	6.7101	0.028604	2.83E-05	9.07E-09	0.068557	157.6	0.00298	0.0022463	645.8	0.14338	0.015475	0.00033287	0.32735	134.8653846	6.2936	5.02E-05	491.19	0.74821	0.002519	4.5006	4.0118e-321	0.57812	1.69E-10	6.0968e-321	0.097443	512.252	450.22
11.2	374.869	36894	0.00030074	0.00034107	3.65E-63	2.35E-63	0.19646	1.10E-10	6.5298	0.00023795	6.7239	0.02887	2.89E-05	9.17E-09	0.069539	154.35	0.0029345	0.0022469	645.98	0.14504	0.015628	0.00030891	0.32551	135.0705128	6.2936	5.03E-05	488.01	0.75085	0.0025202	4.5098	4.0464e-321	0.57898	1.71E-10	6.1412e-321	0.09791	513.708	450.22
11.3	374.803	36922	0.00030109	0.000342	1.02E-63	6.43E-64	0.19661	1.10E-10	6.0358	0.00022792	6.7373	0.029137	2.94E-05	9.27E-09	0.070476	151.15	0.0028894	0.0022476	646.16	0.14671	0.015781	0.00028658	0.32372	135.2692308	6.2936	5.04E-05	484.85	0.75341	0.0025217	4.5191	4.076e-321	0.57984	1.73E-10	6.1906e-321	0.098379	515.151	450.22
11.4	374.737	36951	0.00030144	0.00034293	2.82E-64	1.76E-64	0.19676	1.11E-10	5.5775	0.00021847	6.7505	0.029403	2.99E-05	9.36E-09	0.071367	148	0.0028447	0.0022482	646.34	0.14838	0.015934	0.00026578	0.32196	135.4615385	6.2936	5.04E-05	481.7	0.7559	0.0025233	4.5283	4.1057e-321	0.5807	1.75E-10	6.24e-321	0.09885	516.581	450.22
11.5	374.671	36979	0.00030178	0.00034384	7.85E-65	4.82E-65	0.1969	1.11E-10	5.1526	0.00020956	6.7635	0.029669	3.04E-05	9.46E-09	0.072212	144.9	0.0028003	0.0022488	646.52	0.15006	0.016086	0.00024642	0.32026	135.6474359	6.2936	5.05E-05	478.58	0.75832	0.0025252	4.5375	4.1353e-321	0.58156	1.77E-10	6.2895e-321	0.099323	518.011	450.22
11.6	374.605	37007	0.00030212	0.00034475	2.18E-65	1.32E-65	0.19704	1.11E-10	4.7589	0.00020116	6.7761	0.029936	3.10E-05	9.56E-09	0.07301	141.84	0.0027564	0.0022494	646.7	0.15174	0.016239	0.00022842	0.3186	135.8269231	6.2936	5.05E-05	475.47	0.76067	0.0025272	4.5466	4.16e-321	0.58242	1.79E-10	6.3389e-321	0.099797	519.428	450.22
11.7	374.55	37035	0.00030246	0.00034565	6.06E-66	3.62E-66	0.19718	1.11E-10	4.3943	0.00019326	6.7886	0.030202	3.15E-05	9.66E-09	0.07376	138.84	0.0027128	0.00225	646.88	0.15343	0.016391	0.00021169	0.31699	136	6.2936	5.06E-05	472.39	0.76295	0.0025295	4.5557	4.1897e-321	0.58328	1.81E-10	6.3833e-321	0.10027	520.845	450.22
11.8	374.484	37063	0.00030278	0.00034654	1.69E-66	9.92E-67	0.19731	1.11E-10	4.0568	0.00018581	6.8007	0.030469	3.20E-05	9.76E-09	0.074461	135.89	0.0026697	0.0022507	647.06	0.15512	0.016544	0.00019614	0.31543	136.1666667	6.2936	5.06E-05	469.32	0.76515	0.0025319	4.5648	4.2094e-321	0.58413	1.83E-10	6.4327e-321	0.10075	522.249	450.22
11.9	374.418	37090	0.00030311	0.00034742	4.68E-67	2.72E-67	0.19745	1.11E-10	3.7447	0.0001788	6.8126	0.030736	3.25E-05	9.86E-09	0.075113	132.98	0.002627	0.0022513	647.23	0.15682	0.016696	0.00018171	0.31393	136.3269231	6.2936	5.07E-05	466.27	0.76728	0.0025346	4.5739	4.2391e-321	0.58499	1.85E-10	6.4821e-321	0.10123	523.64	450.22
12	374.352	37118	0.00030342	0.00034829	1.30E-67	7.45E-68	0.19757	1.11E-10	3.456	0.00017219	6.8243	0.031003	3.30E-05	9.95E-09	0.075715	130.13	0.0025848	0.0022519	647.41	0.15853	0.016848	0.00016831	0.31248	136.4807692	6.2936	5.07E-05	463.23	0.76933	0.0025375	4.5829	4.2638e-321	0.58584	1.87E-10	6.5315e-321	0.10171	525.018	450.22
12.1	374.297	37146	0.00030374	0.00034916	3.62E-68	2.04E-68	0.1977	1.11E-10	3.1892	0.00016597	6.8357	0.03127	3.34E-05	1.01E-08	0.076268	127.33	0.002543	0.0022525	647.58	0.16024	0.017	0.00015588	0.31108	136.6282051	6.2936	5.07E-05	460.22	0.77132	0.0025406	4.5919	4.2934e-321	0.58669	1.89E-10	6.581e-321	0.10219	526.396	450.22
12.2	374.231	37173	0.00030405	0.00035001	1.01E-68	5.59E-69	0.19782	1.11E-10	2.9427	0.00016011	6.8469	0.031537	3.39E-05	1.02E-08	0.076771	124.57	0.0025017	0.0022531	647.76	0.16195	0.017152	0.00014436	0.30973	136.7692308	6.2936	5.08E-05	457.22	0.77322	0.0025439	4.6009	4.3181e-321	0.58755	1.91E-10	6.6304e-321	0.10268	527.761	450.22
12.3	374.176	37201	0.00030435	0.00035086	2.80E-69	1.53E-69	0.19794	1.11E-10	2.715	0.00015459	6.8579	0.031804	3.44E-05	1.03E-08	0.077225	121.87	0.0024609	0.0022537	647.93	0.16367	0.017304	0.00013367	0.30845	136.9038462	6.2936	5.08E-05	454.25	0.77506	0.0025474	4.6098	4.3428e-321	0.58839	1.93E-10	6.6798e-321	0.10316	529.126	450.22
12.4	374.11	37228	0.00030465	0.00035169	7.77E-70	4.19E-70	0.19806	1.11E-10	2.5049	0.0001494	6.8686	0.032072	3.48E-05	1.03E-08	0.07763	119.22	0.0024205	0.0022543	648.1	0.1654	0.017456	0.00012378	0.30721	137.025641	6.2936	5.08E-05	451.29	0.77682	0.0025511	4.6187	4.3725e-321	0.58924	1.95E-10	6.7292e-321	0.10365	530.478	450.22
12.5	374.044	37256	0.00030494	0.00035252	2.16E-70	1.15E-70	0.19817	1.11E-10	2.3109	0.0001445	6.8791	0.032339	3.53E-05	1.04E-08	0.077987	116.61	0.0023806	0.0022549	648.27	0.16713	0.017607	0.00011461	0.30604	137.1474359	6.2936	5.08E-05	448.35	0.77851	0.002555	4.6276	4.3922e-321	0.59009	1.97E-10	6.7786e-321	0.10414	531.817	450.21
12.6	373.989	37283	0.00030523	0.00035334	6.00E-71	3.15E-71	0.19828	1.11E-10	2.1319	0.00013988	6.8895	0.032607	3.57E-05	1.05E-08	0.078295	114.06	0.0023412	0.0022555	648.44	0.16886	0.017758	0.00010612	0.30492	137.2628205	6.2937	5.08E-05	445.43	0.78013	0.0025592	4.6365	4.4169e-321	0.59093	1.99E-10	6.8181e-321	0.10463	533.156	450.21
12.7	373.923	37310	0.00030552	0.00035415	1.67E-71	8.62E-72	0.19839	1.11E-10	1.9668	0.00013553	6.8996	0.032874	3.61E-05	1.06E-08	0.078556	111.55	0.0023023	0.0022561	648.61	0.17061	0.017909	9.83E-05	0.30385	137.3653846	6.2937	5.08E-05	442.52	0.78169	0.0025635	4.6453	4.4417e-321	0.59177	2.01E-10	6.8626e-321	0.10512	534.482	450.21
12.8	373.868	37337	0.0003058	0.00035495	4.64E-72	2.36E-72	0.1985	1.12E-10	1.8145	0.00013142	6.9095	0.033142	3.65E-05	1.07E-08	0.078771	109.1	0.0022639	0.0022566	648.78	0.17235	0.01806	9.10E-05	0.30285	137.4679487	6.2937	5.08E-05	439.64	0.78317	0.002568	4.6542	4.4614e-321	0.59261	2.03E-10	6.907e-321	0.10562	535.795	450.21
12.9	373.813	37364	0.00030608	0.00035574	1.29E-72	6.47E-73	0.1986	1.12E-10	1.6741	0.00012755	6.9192	0.03341	3.69E-05	1.08E-08	0.078939	106.69	0.002226	0.0022572	648.95	0.1741	0.018211	8.43E-05	0.3019	137.5576923	6.2937	5.08E-05	436.77	0.78458	0.0025727	4.6629	4.4861e-321	0.59345	2.05E-10	6.9564e-321	0.10611	537.095	450.21
13	373.747	37391	0.00030635	0.00035652	3.58E-73	1.77E-73	0.1987	1.12E-10	1.5447	0.00012389	6.9287	0.033678	3.73E-05	1.09E-08	0.079063	104.33	0.0021886	0.0022578	649.12	0.17586	0.018361	7.80E-05	0.301	137.6474359	6.2937	5.08E-05	433.92	0.78593	0.0025775	4.6717	4.5108e-321	0.59429	2.07E-10	7.0009e-321	0.10661	538.395	450.21
13.1	373.692	37418	0.00030661	0.00035729	9.96E-74	4.86E-74	0.1988	1.12E-10	1.4255	0.00012044	6.938	0.033946	3.77E-05	1.10E-08	0.079142	102.01	0.0021517	0.0022584	649.29	0.17762	0.018511	7.23E-05	0.30016	137.724359	6.2937	5.08E-05	431.09	0.78722	0.0025826	4.6804	4.5355e-321	0.59512	2.09E-10	7.0503e-321	0.10711	539.695	450.21
13.2	373.626	37445	0.00030688	0.00035805	2.77E-74	1.33E-74	0.1989	1.12E-10	1.3156	0.00011718	6.9471	0.034214	3.81E-05	1.11E-08	0.079179	99.746	0.0021153	0.002259	649.45	0.17939	0.018661	6.69E-05	0.29938	137.7948718	6.2937	5.08E-05	428.28	0.78844	0.0025878	4.6891	4.5602e-321	0.59595	2.11E-10	7.0997e-321	0.10761	540.982	450.21
13.3	373.571	37471	0.00030713	0.0003588	7.70E-75	3.65E-75	0.19899	1.12E-10	1.2143	0.0001141	6.9561	0.034482	3.84E-05	1.12E-08	0.079173	97.526	0.0020794	0.0022595	649.62	0.18116	0.018811	6.20E-05	0.29866	137.8653846	6.2937	5.08E-05	425.48	0.78959	0.0025932	4.6978	4.5849e-321	0.59678	2.13E-10	7.1491e-321	0.10811	542.256	450.21
13.4	373.516	37498	0.00030739	0.00035954	2.14E-75	9.99E-76	0.19908	1.12E-10	1.121	0.00011119	6.9649	0.034751	3.88E-05	1.13E-08	0.079127	95.35	0.002044	0.0022601	649.78	0.18294	0.01896	5.75E-05	0.29798	137.9230769	6.2937	5.07E-05	422.7	0.79069	0.0025988	4.7064	4.6096e-321	0.5976	2.14E-10	7.1985e-321	0.10861	543.517	450.21
13.5	373.461	37524	0.00030763	0.00036027	5.95E-76	2.74E-76	0.19917	1.12E-10	1.0351	0.00010844	6.9735	0.035019	3.91E-05	1.14E-08	0.079042	93.22	0.0020091	0.0022607	649.94	0.18472	0.019109	5.33E-05	0.29737	137.9807692	6.2937	5.07E-05	419.94	0.79173	0.0026045	4.715	4.6343e-321	0.59843	2.16E-10	7.243e-321	0.10911	544.778	450.21
13.6	373.395	37550	0.00030788	0.00036099	1.65E-76	7.50E-77	0.19926	1.12E-10	0.95587	0.00010583	6.9819	0.035288	3.94E-05	1.15E-08	0.078918	91.134	0.0019747	0.0022612	650.11	0.1865	0.019258	4.94E-05	0.2968	138.025641	6.2937	5.07E-05	417.2	0.79271	0.0026103	4.7236	4.659e-321	0.59925	2.18E-10	7.2924e-321	0.10962	546.026	450.21
13.7	373.34	37577	0.00030812	0.00036171	4.59E-77	2.05E-77	0.19935	1.12E-10	0.88292	0.00010336	6.9902	0.035556	3.97E-05	1.16E-08	0.078757	89.091	0.0019408	0.0022618	650.27	0.1883	0.019406	4.58E-05	0.29629	138.0705128	6.2937	5.07E-05	414.48	0.79364	0.0026163	4.7321	4.6788e-321	0.60007	2.20E-10	7.3418e-321	0.11012	547.274	450.21
13.8	373.285	37603	0.00030835	0.00036241	1.28E-77	5.63E-78	0.19943	1.12E-10	0.81573	0.00010102	6.9983	0.035825	4.00E-05	1.17E-08	0.07856	87.092	0.0019074	0.0022624	650.43	0.19009	0.019554	4.24E-05	0.29583	138.1089744	6.2937	5.06E-05	411.78	0.79451	0.0026224	4.7406	4.7035e-321	0.60088	2.22E-10	7.3912e-321	0.11063	548.509	450.21
13.9	373.23	37629	0.00030858	0.0003631	3.55E-78	1.54E-78	0.19951	1.12E-10	0.75383	9.88E-05	7.0063	0.036094	4.03E-05	1.18E-08	0.078328	85.135	0.0018745	0.0022629	650.59	0.19189	0.019702	3.94E-05	0.29543	138.1410256	6.2937	5.06E-05	409.09	0.79532	0.0026287	4.749	4.7282e-321	0.60169	2.24E-10	7.4456e-321	0.11114	549.731	450.21
14	373.175	37655	0.00030881	0.00036379	9.86E-79	4.22E-79	0.19959	1.12E-10	0.69681	9.67E-05	7.0141	0.036362	4.06E-05	1.19E-08	0.078064	83.219	0.001842	0.0022635	650.75	0.1937	0.01985	3.65E-05	0.29507	138.1666667	6.2937	5.05E-05	406.42	0.79609	0.0026351	4.7574	4.7529e-321	0.6025	2.26E-10	7.4999e-321	0.11165	550.953	450.21
14.1	373.12	37681	0.00030903	0.00036446	2.74E-79	1.16E-79	0.19967	1.12E-10	0.64427	9.47E-05	7.0217	0.036631	4.09E-05	1.20E-08	0.077767	81.345	0.0018101	0.002264	650.91	0.19551	0.019997	3.39E-05	0.29477	138.1858974	6.2937	5.05E-05	403.77	0.79681	0.0026416	4.7658	4.7776e-321	0.60331	2.28E-10	7.5444e-321	0.11216	552.162	450.21
14.2	373.054	37706	0.00030925	0.00036513	7.62E-80	3.17E-80	0.19974	1.12E-10	0.59587	9.28E-05	7.0292	0.0369	4.11E-05	1.21E-08	0.07744	79.511	0.0017786	0.0022646	651.06	0.19733	0.020143	3.15E-05	0.29451	138.1987179	6.2937	5.05E-05	401.14	0.79748	0.0026482	4.7741	4.7974e-321	0.60411	2.30E-10	7.5938e-321	0.11267	553.358	450.21
14.3	372.999	37732	0.00030946	0.00036578	2.12E-80	8.68E-81	0.19982	1.12E-10	0.55127	9.10E-05	7.0365	0.037169	4.14E-05	1.22E-08	0.077083	77.716	0.0017476	0.0022651	651.22	0.19915	0.02029	2.92E-05	0.29431	138.2051282	6.2937	5.04E-05	398.52	0.7981	0.0026549	4.7824	4.8171e-321	0.60491	2.32E-10	7.6432e-321	0.11318	554.554	450.21
14.4	372.944	37758	0.00030967	0.00036643	5.89E-81	2.38E-81	0.19989	1.12E-10	0.51018	8.93E-05	7.0438	0.037439	4.16E-05	1.23E-08	0.076699	75.96	0.0017171	0.0022657	651.38	0.20098	0.020435	2.72E-05	0.29415	138.2051282	6.2937	5.04E-05	395.92	0.79868	0.0026617	4.7906	4.8369e-321	0.60571	2.34E-10	7.6926e-321	0.11369	555.75	450.21
14.5	372.889	37783	0.00030988	0.00036706	1.64E-81	6.52E-82	0.19996	1.12E-10	0.4723	8.76E-05	7.0508	0.037708	4.18E-05	1.24E-08	0.076287	74.243	0.0016871	0.0022662	651.53	0.20281	0.020581	2.52E-05	0.29404	138.2051282	6.2937	5.03E-05	393.34	0.79922	0.0026686	4.7988	4.8616e-321	0.60651	2.36E-10	7.7371e-321	0.1142	556.92	450.21
14.6	372.834	37808	0.00031008	0.00036769	4.55E-82	1.79E-82	0.20003	1.12E-10	0.43739	8.61E-05	7.0578	0.037977	4.20E-05	1.25E-08	0.075851	72.563	0.0016576	0.0022667	651.69	0.20465	0.020726	2.35E-05	0.29397	138.1987179	6.2938	5.03E-05	390.78	0.79971	0.0026756	4.8069	4.8863e-321	0.6073	2.38E-10	7.7865e-321	0.11472	558.09	450.21
14.7	372.79	37834	0.00031027	0.0003683	1.26E-82	4.89E-83	0.2001	1.12E-10	0.4052	8.46E-05	7.0646	0.038247	4.22E-05	1.26E-08	0.07539	70.919	0.0016285	0.0022673	651.84	0.20649	0.02087	2.18E-05	0.29395	138.1858974	6.2938	5.02E-05	388.23	0.80017	0.0026827	4.815	4.911e-321	0.60808	2.40E-10	7.8359e-321	0.11523	559.26	450.21
14.8	372.735	37859	0.00031047	0.00036891	3.51E-83	1.34E-83	0.20016	1.12E-10	0.37552	8.31E-05	7.0713	0.038516	4.23E-05	1.27E-08	0.074906	69.312	0.0015998	0.0022678	651.99	0.20833	0.021015	2.03E-05	0.29397	138.1666667	6.2938	5.01E-05	385.71	0.80059	0.0026899	4.823	4.9357e-321	0.60887	2.41E-10	7.8853e-321	0.11575	560.417	450.21
14.9	372.68	37884	0.00031066	0.00036951	9.77E-84	3.67E-84	0.20023	1.13E-10	0.34815	8.18E-05	7.0778	0.038786	4.25E-05	1.28E-08	0.0744	67.741	0.0015716	0.0022683	652.14	0.21018	0.021158	1.89E-05	0.29404	138.1474359	6.2938	5.01E-05	383.2	0.80097	0.0026971	4.831	4.9604e-321	0.60965	2.43E-10	7.9347e-321	0.11627	561.561	450.21
15	372.625	37909	0.00031084	0.00037009	2.72E-84	1.01E-84	0.20029	1.13E-10	0.32291	8.05E-05	7.0843	0.039055	4.26E-05	1.29E-08	0.073875	66.204	0.0015439	0.0022688	652.3	0.21204	0.021302	1.76E-05	0.29415	138.1217949	6.2938	5.00E-05	380.71	0.80131	0.0027044	4.8389	4.9802e-321	0.61043	2.45E-10	7.9841e-321	0.11678	562.705	450.21
15.1	372.57	37933	0.00031102	0.00037067	7.55E-85	2.76E-85	0.20035	1.13E-10	0.29961	7.92E-05	7.0906	0.039325	4.28E-05	1.30E-08	0.07333	64.7	0.0015166	0.0022694	652.45	0.2139	0.021444	1.64E-05	0.29429	138.0897436	6.2938	5.00E-05	378.23	0.80163	0.0027117	4.8467	5.0049e-321	0.6112	2.47E-10	8.0335e-321	0.1173	563.836	450.2
15.2	372.515	37958	0.0003112	0.00037124	2.10E-85	7.55E-86	0.20041	1.13E-10	0.27812	7.80E-05	7.0968	0.039595	4.29E-05	1.31E-08	0.072767	63.231	0.0014897	0.0022699	652.59	0.21576	0.021587	1.53E-05	0.29448	138.0512821	6.2938	4.99E-05	375.77	0.80191	0.0027191	4.8545	5.0296e-321	0.61197	2.49E-10	8.0829e-321	0.11782	564.954	450.2
15.3	372.46	37982	0.00031137	0.0003718	5.83E-86	2.07E-86	0.20047	1.13E-10	0.25828	7.69E-05	7.1028	0.039865	4.30E-05	1.32E-08	0.072187	61.794	0.0014633	0.0022704	652.74	0.21763	0.021728	1.42E-05	0.29471	138.0128205	6.2938	4.98E-05	373.33	0.80216	0.0027265	4.8623	5.0543e-321	0.61274	2.51E-10	8.1274e-321	0.11834	566.072	450.2
15.4	372.416	38007	0.00031154	0.00037235	1.62E-86	5.67E-87	0.20053	1.13E-10	0.23996	7.58E-05	7.1088	0.040135	4.31E-05	1.33E-08	0.071591	60.389	0.0014373	0.0022709	652.89	0.21951	0.02187	1.33E-05	0.29498	137.9679487	6.2938	4.98E-05	370.91	0.80238	0.002734	4.87	5.079e-321	0.6135	2.53E-10	8.1718e-321	0.11885	567.177	450.2
15.5	372.361	38031	0.00031171	0.00037289	4.50E-87	1.55E-87	0.20058	1.13E-10	0.22304	7.47E-05	7.1147	0.040405	4.31E-05	1.34E-08	0.070981	59.015	0.0014118	0.0022714	653.04	0.22138	0.02201	1.24E-05	0.29528	137.9230769	6.2938	4.97E-05	368.51	0.80258	0.0027415	4.8776	5.1037e-321	0.61426	2.55E-10	8.2163e-321	0.11937	568.282	450.2
15.6	372.306	38055	0.00031187	0.00037342	1.25E-87	4.25E-88	0.20063	1.13E-10	0.20742	7.37E-05	7.1204	0.040675	4.32E-05	1.35E-08	0.070358	57.672	0.0013866	0.0022719	653.18	0.22327	0.022151	1.16E-05	0.29562	137.8653846	6.2938	4.96E-05	366.12	0.80274	0.0027491	4.8851	5.1235e-321	0.61502	2.56E-10	8.2558e-321	0.11989	569.374	450.2
15.7	372.262	38080	0.00031203	0.00037395	3.48E-88	1.16E-88	0.20069	1.13E-10	0.19298	7.27E-05	7.1261	0.040945	4.32E-05	1.36E-08	0.069722	56.359	0.0013619	0.0022724	653.33	0.22515	0.02229	1.08E-05	0.296	137.8141026	6.2938	4.96E-05	363.75	0.80289	0.0027566	4.8926	5.1432e-321	0.61577	2.58E-10	8.2954e-321	0.12041	570.453	450.2
15.8	372.207	38104	0.00031218	0.00037446	9.67E-89	3.19E-89	0.20074	1.13E-10	0.17963	7.17E-05	7.1316	0.041215	4.33E-05	1.37E-08	0.069074	55.076	0.0013375	0.0022729	653.47	0.22705	0.02243	1.01E-05	0.29641	137.75	6.2938	4.95E-05	361.4	0.80301	0.0027642	4.9	5.163e-321	0.61652	2.60E-10	8.3398e-321	0.12093	571.532	450.2
15.9	372.152	38127	0.00031233	0.00037496	2.69E-89	8.74E-90	0.20079	1.13E-10	0.16729	7.08E-05	7.137	0.041486	4.33E-05	1.38E-08	0.068416	53.821	0.0013136	0.0022734	653.62	0.22894	0.022568	9.43E-06	0.29685	137.6858974	6.2938	4.94E-05	359.06	0.80311	0.0027718	4.9074	5.1827e-321	0.61727	2.62E-10	8.3892e-321	0.12145	572.611	450.2
16	372.108	38151	0.00031248	0.00037546	7.47E-90	2.40E-90	0.20084	1.13E-10	0.15587	6.99E-05	7.1424	0.041756	4.33E-05	1.39E-08	0.067749	52.595	0.0012901	0.0022739	653.76	0.23084	0.022706	8.82E-06	0.29733	137.6217949	6.2938	4.94E-05	356.74	0.80318	0.0027794	4.9147	5.2025e-321	0.61801	2.64E-10	8.4337e-321	0.12197	573.664	450.2
16.1	372.053	38175	0.00031262	0.00037594	2.08E-90	6.56E-91	0.20089	1.13E-10	0.14531	6.91E-05	7.1476	0.042027	4.33E-05	1.40E-08	0.067073	51.396	0.0012669	0.0022744	653.9	0.23275	0.022844	8.26E-06	0.29783	137.5512821	6.2938	4.93E-05	354.44	0.80324	0.002787	4.9219	5.2272e-321	0.61874	2.66E-10	8.4831e-321	0.12249	574.73	450.2
16.2	372.009	38198	0.00031276	0.00037642	5.77E-91	1.80E-91	0.20093	1.13E-10	0.13554	6.82E-05	7.1528	0.042297	4.32E-05	1.41E-08	0.06639	50.225	0.0012442	0.0022749	654.04	0.23466	0.022981	7.73E-06	0.29837	137.474359	6.2938	4.92E-05	352.16	0.80327	0.0027947	4.9291	5.242e-321	0.61948	2.67E-10	8.5325e-321	0.12301	575.77	450.2
16.3	371.954	38222	0.0003129	0.00037689	1.61E-91	4.93E-92	0.20098	1.13E-10	0.12649	6.74E-05	7.1578	0.042568	4.32E-05	1.42E-08	0.0657	49.079	0.0012218	0.0022754	654.18	0.23657	0.023117	7.24E-06	0.29893	137.3974359	6.2938	4.92E-05	349.89	0.80329	0.0028023	4.9362	5.2569e-321	0.62021	2.69E-10	8.5819e-321	0.12353	576.81	450.2
16.4	371.91	38245	0.00031303	0.00037735	4.46E-92	1.35E-92	0.20102	1.13E-10	0.11811	6.67E-05	7.1628	0.042839	4.31E-05	1.43E-08	0.065004	47.96	0.0011998	0.0022759	654.32	0.23849	0.023253	6.79E-06	0.29953	137.3141026	6.2938	4.91E-05	347.64	0.8033	0.0028099	4.9432	5.2766e-321	0.62093	2.71E-10	8.6214e-321	0.12405	577.837	450.2
16.5	371.855	38268	0.00031316	0.0003778	1.24E-92	3.70E-93	0.20107	1.13E-10	0.11035	6.59E-05	7.1677	0.043109	4.30E-05	1.44E-08	0.064303	46.866	0.0011782	0.0022764	654.46	0.24041	0.023388	6.37E-06	0.30015	137.2307692	6.2938	4.90E-05	345.41	0.80328	0.0028175	4.9501	5.2914e-321	0.62166	2.73E-10	8.6659e-321	0.12457	578.864	450.2
16.6	371.811	38291	0.00031329	0.00037824	3.45E-93	1.01E-93	0.20111	1.13E-10	0.10315	6.52E-05	7.1725	0.04338	4.30E-05	1.45E-08	0.063597	45.796	0.0011569	0.0022768	654.59	0.24233	0.023522	5.98E-06	0.30079	137.1474359	6.2938	4.89E-05	343.2	0.80326	0.002825	4.957	5.3112e-321	0.62237	2.74E-10	8.7054e-321	0.12509	579.878	450.2
16.7	371.756	38314	0.00031341	0.00037867	9.58E-94	2.77E-94	0.20115	1.13E-10	0.096483	6.44E-05	7.1772	0.043651	4.29E-05	1.46E-08	0.062888	44.751	0.001136	0.0022773	654.73	0.24425	0.023656	5.61E-06	0.30147	137.0576923	6.2938	4.89E-05	341	0.80322	0.0028326	4.9638	5.331e-321	0.62309	2.76E-10	8.7499e-321	0.1256	580.892	450.2
16.8	371.712	38336	0.00031353	0.0003791	2.66E-94	7.60E-95	0.20119	1.13E-10	0.090295	6.37E-05	7.1819	0.043922	4.28E-05	1.47E-08	0.062177	43.73	0.0011154	0.0022778	654.86	0.24617	0.023789	5.27E-06	0.30216	136.9615385	6.2938	4.88E-05	338.82	0.80316	0.0028401	4.9706	5.3557e-321	0.6238	2.78E-10	8.7993e-321	0.12612	581.893	450.2
16.9	371.668	38359	0.00031365	0.00037952	7.40E-95	2.08E-95	0.20123	1.13E-10	0.084553	6.31E-05	7.1864	0.044193	4.26E-05	1.48E-08	0.061463	42.731	0.0010952	0.0022782	655	0.24808	0.023922	4.96E-06	0.30289	136.8653846	6.2938	4.87E-05	336.65	0.8031	0.0028476	4.9772	5.3804e-321	0.6245	2.80E-10	8.8438e-321	0.12664	582.894	450.2
17	371.613	38382	0.00031376	0.00037992	2.06E-95	5.70E-96	0.20127	1.13E-10	0.079224	6.24E-05	7.1909	0.044464	4.25E-05	1.49E-08	0.060748	41.756	0.0010754	0.0022787	655.13	0.24999	0.024054	4.66E-06	0.30363	136.7692308	6.2939	4.87E-05	334.51	0.80302	0.0028551	4.9838	5.4051e-321	0.62521	2.81E-10	8.8932e-321	0.12715	583.869	450.2
17.1	371.569	38404	0.00031387	0.00038032	5.72E-96	1.56E-96	0.2013	1.13E-10	0.074275	6.17E-05	7.1953	0.044736	4.24E-05	1.50E-08	0.060032	40.802	0.0010559	0.0022792	655.27	0.2519	0.024185	4.39E-06	0.30439	136.6666667	6.2939	4.86E-05	332.38	0.80293	0.0028626	4.9904	5.4248e-321	0.6259	2.83E-10	8.9426e-321	0.12767	584.857	450.2
17.2	371.525	38426	0.00031398	0.00038071	1.59E-96	4.28E-97	0.20134	1.13E-10	0.069677	6.11E-05	7.1996	0.045007	4.23E-05	1.51E-08	0.059316	39.87	0.0010367	0.0022796	655.4	0.2538	0.024316	4.13E-06	0.30518	136.5641026	6.2939	4.85E-05	330.26	0.80284	0.00287	4.9968	5.4446e-321	0.6266	2.85E-10	8.992e-321	0.12819	585.819	450.2
17.3	371.481	38448	0.00031408	0.0003811	4.42E-97	1.17E-97	0.20138	1.13E-10	0.065403	6.05E-05	7.2039	0.045278	4.22E-05	1.52E-08	0.0586	38.96	0.0010178	0.0022801	655.53	0.25569	0.024446	3.89E-06	0.30598	136.4615385	6.2939	4.85E-05	328.17	0.80273	0.0028773	5.0032	5.4693e-321	0.62729	2.87E-10	9.0315e-321	0.1287	586.781	450.2
17.4	371.426	38470	0.00031419	0.00038147	1.23E-97	3.21E-98	0.20141	1.13E-10	0.06143	5.99E-05	7.2081	0.04555	4.21E-05	1.53E-08	0.057886	38.07	0.0009993	0.0022805	655.66	0.25758	0.024576	3.67E-06	0.30681	136.3525641	6.2939	4.84E-05	326.09	0.80262	0.0028847	5.0095	5.4841e-321	0.62797	2.88E-10	9.071e-321	0.12921	587.743	450.2
17.5	371.382	38492	0.00031428	0.00038184	3.41E-98	8.80E-99	0.20144	1.13E-10	0.057734	5.93E-05	7.2122	0.045821	4.19E-05	1.54E-08	0.057173	37.2	0.00098109	0.002281	655.79	0.25946	0.024704	3.47E-06	0.30765	136.2435897	6.2939	4.83E-05	324.02	0.8025	0.002892	5.0157	5.5039e-321	0.62865	2.90E-10	9.1155e-321	0.12973	588.692	450.2
17.6	371.338	38514	0.00031438	0.0003822	9.49E-99	2.41E-99	0.20148	1.13E-10	0.054295	5.87E-05	7.2163	0.046093	4.18E-05	1.55E-08	0.056462	36.35	0.0009632	0.0022814	655.92	0.26134	0.024832	3.27E-06	0.30851	136.1346154	6.2939	4.83E-05	321.98	0.80237	0.0028992	5.0219	5.5237e-321	0.62933	2.92E-10	9.155e-321	0.13024	589.628	450.2
17.7	371.294	38535	0.00031447	0.00038255	2.64E-99	6.61E-100	0.20151	1.13E-10	0.051093	5.81E-05	7.2202	0.046364	4.17E-05	1.56E-08	0.055754	35.52	0.00094561	0.0022819	656.04	0.26321	0.02496	3.09E-06	0.30938	136.0192308	6.2939	4.82E-05	319.95	0.80224	0.0029064	5.0279	5.5484e-321	0.63	2.93E-10	9.1995e-321	0.13075	590.564	450.2
17.8	371.25	38556	0.00031456	0.00038289	7.33E-100	1.81E-100	0.20154	1.13E-10	0.048111	5.75E-05	7.2242	0.046636	4.16E-05	1.57E-08	0.055048	34.708	0.00092833	0.0022823	656.17	0.26507	0.025086	2.92E-06	0.31027	135.9038462	6.2939	4.81E-05	317.93	0.8021	0.0029135	5.034	5.5681e-321	0.63067	2.95E-10	9.244e-321	0.13126	591.487	450.2
17.9	371.206	38578	0.00031465	0.00038323	2.04E-100	4.96E-101	0.20157	1.13E-10	0.045332	5.69E-05	7.228	0.046908	4.14E-05	1.58E-08	0.054347	33.915	0.00091135	0.0022827	656.29	0.26692	0.025212	2.76E-06	0.31118	135.7884615	6.2939	4.81E-05	315.94	0.80196	0.0029206	5.0399	5.5879e-321	0.63134	2.97E-10	9.2884e-321	0.13177	592.41	450.2
18	371.162	38599	0.00031474	0.00038355	5.66E-101	1.36E-101	0.2016	1.13E-10	0.042741	5.64E-05	7.2318	0.04718	4.13E-05	1.59E-08	0.053649	33.14	0.00089467	0.0022832	656.42	0.26876	0.025337	2.62E-06	0.31209	135.6730769	6.2939	4.80E-05	313.96	0.80181	0.0029276	5.0458	5.6076e-321	0.632	2.98E-10	9.3329e-321	0.13227	593.32	450.2
18.1	371.118	38620	0.00031482	0.00038387	1.57E-101	3.72E-102	0.20163	1.13E-10	0.040325	5.58E-05	7.2356	0.047452	4.12E-05	1.60E-08	0.052955	32.383	0.00087828	0.0022836	656.54	0.2706	0.025462	2.48E-06	0.31302	135.5512821	6.2939	4.79E-05	312	0.80166	0.0029346	5.0515	5.6274e-321	0.63265	3.00E-10	9.3724e-321	0.13278	594.217	450.2
18.2	371.074	38641	0.0003149	0.00038419	4.37E-102	1.02E-102	0.20166	1.13E-10	0.03807	5.53E-05	7.2392	0.047723	4.11E-05	1.61E-08	0.052266	31.643	0.00086218	0.002284	656.67	0.27243	0.025586	2.35E-06	0.31397	135.4294872	6.2939	4.79E-05	310.05	0.80151	0.0029415	5.0573	5.6422e-321	0.6333	3.02E-10	9.4169e-321	0.13328	595.114	450.19
18.3	371.03	38661	0.00031497	0.00038449	1.22E-102	2.79E-103	0.20169	1.13E-10	0.035965	5.48E-05	7.2429	0.047996	4.09E-05	1.62E-08	0.051582	30.92	0.00084636	0.0022845	656.79	0.27425	0.025709	2.23E-06	0.31492	135.3076923	6.2939	4.78E-05	308.12	0.80135	0.0029483	5.0629	5.662e-321	0.63395	3.03E-10	9.4564e-321	0.13379	595.998	450.19
18.4	370.986	38682	0.00031505	0.00038479	3.38E-103	7.65E-104	0.20171	1.13E-10	0.033999	5.42E-05	7.2464	0.048268	4.08E-05	1.63E-08	0.050904	30.214	0.00083082	0.0022849	656.91	0.27606	0.025831	2.11E-06	0.31588	135.1858974	6.2939	4.77E-05	306.21	0.8012	0.0029551	5.0685	5.6768e-321	0.63459	3.05E-10	9.4959e-321	0.13429	596.882	450.19
18.5	370.942	38702	0.00031512	0.00038508	9.39E-104	2.10E-104	0.20174	1.13E-10	0.032161	5.37E-05	7.2499	0.04854	4.07E-05	1.64E-08	0.050231	29.523	0.00081555	0.0022853	657.03	0.27786	0.025953	2.01E-06	0.31685	135.0641026	6.2939	4.77E-05	304.31	0.80103	0.0029618	5.074	5.6966e-321	0.63523	3.07E-10	9.5305e-321	0.13479	597.753	450.19
18.6	370.898	38723	0.00031519	0.00038537	2.61E-104	5.74E-105	0.20177	1.13E-10	0.030443	5.32E-05	7.2534	0.048812	4.06E-05	1.65E-08	0.049564	28.849	0.00080056	0.0022857	657.15	0.27965	0.026074	1.91E-06	0.31784	134.9358974	6.2939	4.76E-05	302.43	0.80087	0.0029684	5.0794	5.7163e-321	0.63587	3.08E-10	9.5701e-321	0.13529	598.611	450.19
18.7	370.854	38743	0.00031526	0.00038564	7.26E-105	1.57E-105	0.20179	1.13E-10	0.028837	5.27E-05	7.2568	0.049084	4.05E-05	1.66E-08	0.048903	28.19	0.00078583	0.0022861	657.27	0.28143	0.026194	1.81E-06	0.31882	134.8076923	6.2939	4.76E-05	300.57	0.80071	0.002975	5.0847	5.7361e-321	0.6365	3.10E-10	9.6096e-321	0.13578	599.469	450.19
18.8	370.81	38763	0.00031532	0.00038591	2.02E-105	4.31E-106	0.20181	1.13E-10	0.027333	5.22E-05	7.2601	0.049357	4.03E-05	1.67E-08	0.048249	27.546	0.00077136	0.0022865	657.38	0.28321	0.026313	1.73E-06	0.31982	134.6794872	6.2939	4.75E-05	298.72	0.80055	0.0029815	5.09	5.7559e-321	0.63712	3.11E-10	9.6491e-321	0.13628	600.314	450.19
18.9	370.777	38783	0.00031539	0.00038618	5.61E-106	1.18E-106	0.20184	1.13E-10	0.025925	5.17E-05	7.2634	0.049629	4.02E-05	1.68E-08	0.047602	26.917	0.00075715	0.0022869	657.5	0.28497	0.026432	1.64E-06	0.32082	134.5512821	6.2939	4.74E-05	296.9	0.80038	0.0029879	5.0952	5.7806e-321	0.63774	3.13E-10	9.6936e-321	0.13677	601.159	450.19
19	370.733	38802	0.00031545	0.00038643	1.56E-106	3.24E-107	0.20186	1.13E-10	0.024606	5.12E-05	7.2667	0.049902	4.01E-05	1.69E-08	0.046962	26.302	0.00074319	0.0022873	657.61	0.28672	0.02655	1.57E-06	0.32183	134.4230769	6.2939	4.74E-05	295.08	0.80022	0.0029942	5.1003	5.7954e-321	0.63836	3.14E-10	9.738e-321	0.13726	601.991	450.19
19.1	370.689	38822	0.00031551	0.00038668	4.33E-107	8.86E-108	0.20188	1.13E-10	0.023369	5.07E-05	7.2699	0.050174	4.00E-05	1.70E-08	0.046329	25.702	0.00072949	0.0022877	657.73	0.28847	0.026667	1.49E-06	0.32284	134.2948718	6.2939	4.73E-05	293.28	0.80006	0.0030005	5.1054	5.8102e-321	0.63897	3.16E-10	9.7726e-321	0.13775	602.823	450.19
19.2	370.645	38841	0.00031556	0.00038693	1.20E-107	2.43E-108	0.20191	1.13E-10	0.02221	5.02E-05	7.273	0.050447	3.99E-05	1.71E-08	0.045703	25.115	0.00071603	0.0022881	657.84	0.2902	0.026783	1.43E-06	0.32386	134.1666667	6.2939	4.73E-05	291.5	0.7999	0.0030067	5.1104	5.83e-321	0.63957	3.17E-10	9.8121e-321	0.13824	603.629	450.19
19.3	370.612	38861	0.00031562	0.00038716	3.35E-108	6.65E-109	0.20193	1.13E-10	0.021122	4.97E-05	7.2762	0.050719	3.98E-05	1.72E-08	0.045085	24.542	0.00070282	0.0022885	657.96	0.29193	0.026899	1.36E-06	0.32488	134.0320513	6.2939	4.72E-05	289.74	0.79974	0.0030128	5.1153	5.8497e-321	0.64018	3.19E-10	9.8517e-321	0.13872	604.448	450.19
19.4	370.568	38880	0.00031567	0.00038739	9.30E-109	1.82E-109	0.20195	1.13E-10	0.020101	4.92E-05	7.2792	0.050992	3.97E-05	1.73E-08	0.044475	23.982	0.00068984	0.0022889	658.07	0.29364	0.027013	1.30E-06	0.3259	133.9038462	6.2939	4.72E-05	287.99	0.79958	0.0030189	5.1202	5.8695e-321	0.64078	3.21E-10	9.8912e-321	0.13921	605.241	450.19
19.5	370.524	38899	0.00031572	0.00038762	2.59E-109	4.99E-110	0.20197	1.14E-10	0.019141	4.87E-05	7.2822	0.051265	3.96E-05	1.74E-08	0.043873	23.435	0.0006771	0.0022893	658.18	0.29534	0.027127	1.24E-06	0.32692	133.7692308	6.2939	4.71E-05	286.26	0.79942	0.0030248	5.1249	5.8893e-321	0.64137	3.22E-10	9.9357e-321	0.13969	606.034	450.19
19.6	370.491	38917	0.00031576	0.00038784	7.19E-110	1.37E-110	0.20199	1.14E-10	0.018239	4.82E-05	7.2852	0.051538	3.95E-05	1.75E-08	0.043279	22.9	0.00066459	0.0022897	658.29	0.29704	0.027241	1.19E-06	0.32794	133.6410256	6.2939	4.71E-05	284.55	0.79926	0.0030307	5.1296	5.9041e-321	0.64196	3.23E-10	9.9752e-321	0.14017	606.827	450.19
19.7	370.447	38936	0.00031581	0.00038805	2.00E-110	3.75E-111	0.20201	1.14E-10	0.017391	4.77E-05	7.2882	0.051811	3.94E-05	1.77E-08	0.042693	22.378	0.00065231	0.0022901	658.4	0.29872	0.027353	1.14E-06	0.32897	133.5064103	6.2939	4.70E-05	282.85	0.79911	0.0030365	5.1343	5.9189e-321	0.64254	3.25E-10	1.0015e-320	0.14064	607.607	450.19
19.8	370.414	38955	0.00031585	0.00038825	5.55E-111	1.03E-111	0.20203	1.14E-10	0.016593	4.73E-05	7.2911	0.052084	3.93E-05	1.78E-08	0.042115	21.868	0.00064025	0.0022904	658.5	0.30039	0.027464	1.09E-06	0.32999	133.3717949	6.2939	4.70E-05	281.17	0.79896	0.0030423	5.1388	5.9337e-321	0.64312	3.26E-10	1.0049e-320	0.14112	608.374	450.19
19.9	370.37	38973	0.0003159	0.00038845	1.54E-111	2.81E-112	0.20204	1.14E-10	0.015842	4.68E-05	7.2939	0.052357	3.92E-05	1.79E-08	0.041546	21.369	0.00062842	0.0022908	658.61	0.30205	0.027575	1.05E-06	0.33102	133.2435897	6.2939	4.69E-05	279.5	0.79881	0.0030479	5.1433	5.9486e-321	0.6437	3.28E-10	1.0084e-320	0.14159	609.141	450.19
20	370.337	38991	0.00031594	0.00038865	4.29E-112	7.71E-113	0.20206	1.14E-10	0.015135	4.63E-05	7.2967	0.05263	3.91E-05	1.80E-08	0.040986	20.883	0.0006168	0.0022912	658.72	0.3037	0.027685	1.00E-06	0.33204	133.1089744	6.294	4.69E-05	277.85	0.79866	0.0030535	5.1478	5.9733e-321	0.64427	3.29E-10	1.0123e-320	0.14206	609.895	450.19
20.1	370.293	39009	0.00031598	0.00038884	1.19E-112	2.11E-113	0.20208	1.14E-10	0.014468	4.58E-05	7.2995	0.052903	3.90E-05	1.81E-08	0.040435	20.407	0.0006054	0.0022915	658.82	0.30534	0.027794	9.62E-07	0.33306	132.974359	6.294	4.68E-05	276.22	0.79852	0.003059	5.1521	5.9881e-321	0.64483	3.31E-10	1.0163e-320	0.14253	610.636	450.19
20.2	370.26	39027	0.00031601	0.00038902	3.31E-113	5.78E-114	0.2021	1.14E-10	0.013839	4.54E-05	7.3023	0.053176	3.89E-05	1.82E-08	0.039892	19.943	0.00059421	0.0022919	658.93	0.30697	0.027902	9.24E-07	0.33408	132.8461538	6.294	4.68E-05	274.6	0.79838	0.0030644	5.1564	6.0078e-321	0.64539	3.32E-10	1.0202e-320	0.14299	611.377	450.19
20.3	370.227	39045	0.00031605	0.0003892	9.21E-114	1.58E-114	0.20211	1.14E-10	0.013245	4.49E-05	7.305	0.053449	3.88E-05	1.83E-08	0.039359	19.489	0.00058322	0.0022923	659.03	0.30859	0.02801	8.88E-07	0.33509	132.7115385	6.294	4.67E-05	273	0.79824	0.0030697	5.1606	6.0276e-321	0.64595	3.34E-10	1.0237e-320	0.14345	612.105	450.19
20.4	370.183	39062	0.00031608	0.00038937	2.56E-114	4.34E-115	0.20213	1.14E-10	0.012684	4.44E-05	7.3077	0.053723	3.87E-05	1.84E-08	0.038834	19.046	0.00057244	0.0022926	659.13	0.31019	0.028116	8.53E-07	0.3361	132.5833333	6.294	4.67E-05	271.42	0.79811	0.0030749	5.1648	6.0424e-321	0.6465	3.35E-10	1.0277e-320	0.14391	612.833	450.19
20.5	370.15	39080	0.00031611	0.00038954	7.12E-115	1.19E-115	0.20215	1.14E-10	0.012155	4.40E-05	7.3103	0.053996	3.87E-05	1.85E-08	0.038318	18.613	0.00056187	0.002293	659.23	0.31179	0.028222	8.21E-07	0.33711	132.4487179	6.294	4.66E-05	269.85	0.79798	0.00308	5.1689	6.0572e-321	0.64704	3.36E-10	1.0316e-320	0.14437	613.548	450.19
20.6	370.117	39097	0.00031614	0.0003897	1.98E-115	3.26E-116	0.20216	1.14E-10	0.011654	4.35E-05	7.3129	0.05427	3.86E-05	1.86E-08	0.037812	18.19	0.00055149	0.0022933	659.33	0.31337	0.028327	7.90E-07	0.33811	132.3205128	6.294	4.66E-05	268.29	0.79785	0.0030851	5.1729	6.0819e-321	0.64759	3.38E-10	1.0356e-320	0.14482	614.25	450.19
20.7	370.073	39114	0.00031617	0.00038986	5.50E-116	8.92E-117	0.20218	1.14E-10	0.01118	4.30E-05	7.3155	0.054543	3.85E-05	1.87E-08	0.037315	17.777	0.0005413	0.0022937	659.43	0.31494	0.028431	7.61E-07	0.3391	132.1923077	6.294	4.65E-05	266.76	0.79773	0.0030901	5.1769	6.0968e-321	0.64812	3.39E-10	1.039e-320	0.14527	614.952	450.19
20.8	370.04	39131	0.0003162	0.00039001	1.53E-116	2.44E-117	0.20219	1.14E-10	0.010732	4.26E-05	7.318	0.054817	3.84E-05	1.88E-08	0.036827	17.374	0.00053131	0.002294	659.53	0.3165	0.028534	7.33E-07	0.34009	132.0576923	6.294	4.65E-05	265.24	0.79761	0.003095	5.1808	6.1116e-321	0.64865	3.40E-10	1.043e-320	0.14572	615.641	450.19
20.9	370.007	39148	0.00031622	0.00039016	4.25E-117	6.70E-118	0.2022	1.14E-10	0.010307	4.21E-05	7.3205	0.055091	3.83E-05	1.89E-08	0.036349	16.98	0.00052151	0.0022943	659.63	0.31804	0.028636	7.07E-07	0.34107	131.9294872	6.294	4.65E-05	263.74	0.79749	0.0030998	5.1846	6.1264e-321	0.64918	3.42E-10	1.0464e-320	0.14616	616.317	450.19
21	369.974	39164	0.00031625	0.0003903	1.18E-117	1.84E-118	0.20222	1.14E-10	0.0099043	4.16E-05	7.323	0.055364	3.83E-05	1.90E-08	0.03588	16.596	0.0005119	0.0022947	659.73	0.31958	0.028737	6.82E-07	0.34205	131.8012821	6.294	4.64E-05	262.25	0.79738	0.0031045	5.1884	6.1363e-321	0.6497	3.43E-10	1.0499e-320	0.1466	616.993	450.19
21.1	369.941	39181	0.00031627	0.00039043	3.28E-118	5.03E-119	0.20223	1.14E-10	0.0095223	4.12E-05	7.3255	0.055638	3.82E-05	1.91E-08	0.035421	16.22	0.00050247	0.002295	659.82	0.3211	0.028838	6.58E-07	0.34301	131.6730769	6.294	4.64E-05	260.78	0.79727	0.0031091	5.1921	6.1561e-321	0.65022	3.44E-10	1.0533e-320	0.14704	617.656	450.19
21.2	369.897	39197	0.00031629	0.00039057	9.12E-119	1.38E-119	0.20224	1.14E-10	0.0091597	4.07E-05	7.3279	0.055912	3.81E-05	1.92E-08	0.034971	15.853	0.00049322	0.0022953	659.92	0.32261	0.028937	6.36E-07	0.34397	131.5448718	6.294	4.63E-05	259.32	0.79717	0.0031137	5.1957	6.1758e-321	0.65073	3.46E-10	1.0573e-320	0.14747	618.319	450.19
21.3	369.864	39213	0.00031631	0.0003907	2.54E-119	3.77E-120	0.20226	1.14E-10	0.0088154	4.03E-05	7.3303	0.056186	3.80E-05	1.93E-08	0.034531	15.495	0.00048415	0.0022957	660.01	0.32411	0.029036	6.14E-07	0.34492	131.4166667	6.294	4.63E-05	257.88	0.79707	0.0031181	5.1993	6.1906e-321	0.65124	3.47E-10	1.0613e-320	0.14791	618.969	450.19
21.4	369.831	39229	0.00031633	0.00039082	7.05E-120	1.03E-120	0.20227	1.14E-10	0.008488	3.98E-05	7.3326	0.05646	3.80E-05	1.94E-08	0.0341	15.145	0.00047525	0.002296	660.1	0.3256	0.029134	5.93E-07	0.34586	131.2948718	6.294	4.63E-05	256.46	0.79698	0.0031225	5.2028	6.2055e-321	0.65174	3.48E-10	1.0647e-320	0.14833	619.606	450.19
21.5	369.798	39245	0.00031635	0.00039094	1.96E-120	2.83E-121	0.20228	1.14E-10	0.0081767	3.93E-05	7.335	0.056734	3.79E-05	1.95E-08	0.033679	14.804	0.00046653	0.0022963	660.19	0.32707	0.02923	5.74E-07	0.34679	131.1666667	6.294	4.62E-05	255.06	0.79689	0.0031268	5.2062	6.2203e-321	0.65224	3.49E-10	1.0677e-320	0.14876	620.243	450.19
21.6	369.765	39261	0.00031637	0.00039105	5.45E-121	7.76E-122	0.20229	1.14E-10	0.0078804	3.89E-05	7.3373	0.057008	3.78E-05	1.96E-08	0.033268	14.471	0.00045797	0.0022966	660.28	0.32853	0.029326	5.55E-07	0.34772	131.0448718	6.294	4.62E-05	253.67	0.79681	0.003131	5.2096	6.2351e-321	0.65273	3.51E-10	1.0711e-320	0.14918	620.867	450.19
21.7	369.732	39276	0.00031638	0.00039116	1.51E-121	2.13E-122	0.20231	1.14E-10	0.0075982	3.84E-05	7.3396	0.057282	3.78E-05	1.97E-08	0.032867	14.145	0.00044959	0.0022969	660.37	0.32998	0.029421	5.37E-07	0.34863	130.9230769	6.294	4.62E-05	252.29	0.79673	0.0031351	5.2129	6.2499e-321	0.65322	3.52E-10	1.0746e-320	0.1496	621.478	450.19
21.8	369.699	39292	0.0003164	0.00039127	4.21E-122	5.82E-123	0.20232	1.14E-10	0.0073293	3.80E-05	7.3418	0.057556	3.77E-05	1.98E-08	0.032476	13.827	0.00044137	0.0022972	660.46	0.33141	0.029515	5.20E-07	0.34953	130.8012821	6.294	4.61E-05	250.93	0.79666	0.0031391	5.2162	6.2648e-321	0.6537	3.53E-10	1.0781e-320	0.15001	622.089	450.19
21.9	369.666	39307	0.00031641	0.00039137	1.17E-122	1.60E-123	0.20233	1.14E-10	0.0070727	3.75E-05	7.344	0.057831	3.77E-05	1.99E-08	0.032095	13.517	0.00043331	0.0022975	660.55	0.33283	0.029609	5.04E-07	0.35042	130.6794872	6.294	4.61E-05	249.59	0.79659	0.0031431	5.2194	6.2845e-321	0.65418	3.54E-10	1.081e-320	0.15042	622.687	450.19
22	369.644	39322	0.00031642	0.00039147	3.25E-123	4.37E-124	0.20234	1.14E-10	0.0068279	3.70E-05	7.3463	0.058105	3.76E-05	2.00E-08	0.031723	13.214	0.00042541	0.0022978	660.64	0.33424	0.029701	4.88E-07	0.3513	130.5576923	6.294	4.61E-05	248.27	0.79653	0.0031469	5.2225	6.2944e-321	0.65465	3.56E-10	1.0845e-320	0.15083	623.285	450.19
22.1	369.611	39337	0.00031643	0.00039157	9.04E-124	1.20E-124	0.20235	1.14E-10	0.0065941	3.66E-05	7.3484	0.058379	3.75E-05	2.01E-08	0.031362	12.919	0.00041767	0.0022981	660.72	0.33563	0.029792	4.73E-07	0.35216	130.4423077	6.294	4.60E-05	246.96	0.79647	0.0031507	5.2256	6.3043e-321	0.65512	3.57E-10	1.0879e-320	0.15123	623.87	450.19
22.2	369.578	39351	0.00031644	0.00039166	2.51E-124	3.28E-125	0.20236	1.14E-10	0.0063706	3.61E-05	7.3506	0.058654	3.75E-05	2.02E-08	0.031011	12.63	0.00041009	0.0022984	660.81	0.33702	0.029882	4.58E-07	0.35302	130.3205128	6.294	4.60E-05	245.66	0.79642	0.0031544	5.2286	6.324e-321	0.65558	3.58E-10	1.0914e-320	0.15163	624.442	450.18
22.3	369.545	39366	0.00031645	0.00039175	6.98E-125	8.99E-126	0.20237	1.14E-10	0.0061569	3.57E-05	7.3527	0.058928	3.74E-05	2.03E-08	0.03067	12.349	0.00040266	0.0022987	660.89	0.33838	0.029972	4.44E-07	0.35386	130.2051282	6.294	4.60E-05	244.39	0.79638	0.0031579	5.2316	6.3389e-321	0.65604	3.59E-10	1.0944e-320	0.15203	625.001	450.18
22.4	369.512	39380	0.00031646	0.00039183	1.94E-125	2.46E-126	0.20238	1.14E-10	0.0059523	3.52E-05	7.3549	0.059203	3.74E-05	2.04E-08	0.030339	12.074	0.00039537	0.002299	660.97	0.33974	0.03006	4.31E-07	0.35469	130.0897436	6.294	4.59E-05	243.13	0.79634	0.0031614	5.2345	6.3537e-321	0.65649	3.60E-10	1.0978e-320	0.15242	625.56	450.18
22.5	369.49	39394	0.00031647	0.00039191	5.39E-126	6.74E-127	0.20239	1.14E-10	0.0057564	3.48E-05	7.357	0.059478	3.73E-05	2.05E-08	0.030019	11.806	0.00038824	0.0022993	661.06	0.34108	0.030148	4.18E-07	0.35551	129.974359	6.294	4.59E-05	241.88	0.7963	0.0031649	5.2374	6.3636e-321	0.65693	3.61E-10	1.1013e-320	0.15281	626.119	450.18
22.6	369.457	39408	0.00031647	0.00039199	1.50E-126	1.85E-127	0.2024	1.14E-10	0.0055687	3.43E-05	7.359	0.059752	3.73E-05	2.06E-08	0.029709	11.544	0.00038125	0.0022996	661.14	0.3424	0.030234	4.06E-07	0.35631	129.8653846	6.294	4.59E-05	240.65	0.79627	0.0031682	5.2402	6.3784e-321	0.65737	3.62E-10	1.1047e-320	0.15319	626.652	450.18
22.7	369.424	39422	0.00031648	0.00039206	4.17E-127	5.06E-128	0.2024	1.14E-10	0.0053887	3.38E-05	7.3611	0.060027	3.72E-05	2.07E-08	0.02941	11.289	0.00037441	0.0022999	661.22	0.34372	0.030319	3.94E-07	0.3571	129.7564103	6.294	4.59E-05	239.44	0.79625	0.0031714	5.2429	6.3932e-321	0.65781	3.63E-10	1.1077e-320	0.15357	627.185	450.18
22.8	369.402	39436	0.00031648	0.00039214	1.16E-127	1.39E-128	0.20241	1.14E-10	0.0052159	3.34E-05	7.3631	0.060302	3.72E-05	2.08E-08	0.029121	11.04	0.00036771	0.0023001	661.29	0.34501	0.030404	3.83E-07	0.35788	129.6410256	6.294	4.58E-05	238.24	0.79624	0.0031745	5.2456	6.3982e-321	0.65824	3.65E-10	1.1112e-320	0.15395	627.705	450.18
22.9	369.369	39449	0.00031649	0.0003922	3.22E-128	3.80E-129	0.20242	1.14E-10	0.00505	3.29E-05	7.3651	0.060577	3.71E-05	2.09E-08	0.028843	10.797	0.00036115	0.0023004	661.37	0.3463	0.030487	3.72E-07	0.35864	129.5384615	6.294	4.58E-05	237.06	0.79623	0.0031776	5.2482	6.408e-321	0.65867	3.66E-10	1.1146e-320	0.15432	628.225	450.18
23	369.347	39463	0.00031649	0.00039227	8.95E-129	1.04E-129	0.20243	1.14E-10	0.0048906	3.25E-05	7.3671	0.060852	3.71E-05	2.10E-08	0.028576	10.56	0.00035472	0.0023007	661.45	0.34757	0.03057	3.61E-07	0.35939	129.4294872	6.294	4.58E-05	235.9	0.79623	0.0031805	5.2507	6.4179e-321	0.65909	3.67E-10	1.1176e-320	0.15469	628.732	450.18
23.1	369.314	39476	0.00031649	0.00039233	2.49E-129	2.85E-130	0.20244	1.14E-10	0.0047373	3.20E-05	7.3691	0.061127	3.70E-05	2.11E-08	0.028319	10.329	0.00034843	0.0023009	661.52	0.34882	0.030651	3.51E-07	0.36013	129.3205128	6.294	4.58E-05	234.75	0.79623	0.0031834	5.2532	6.4327e-321	0.6595	3.68E-10	1.1205e-320	0.15505	629.226	450.18
23.2	369.292	39489	0.00031649	0.00039239	6.91E-130	7.81E-131	0.20244	1.14E-10	0.0045899	3.16E-05	7.3711	0.061402	3.70E-05	2.12E-08	0.028074	10.103	0.00034228	0.0023012	661.6	0.35006	0.030732	3.41E-07	0.36085	129.2179487	6.294	4.58E-05	233.61	0.79625	0.0031861	5.2557	6.4476e-321	0.65991	3.69E-10	1.124e-320	0.15541	629.72	450.18
23.3	369.259	39502	0.00031649	0.00039245	1.92E-130	2.14E-131	0.20245	1.14E-10	0.004448	3.11E-05	7.373	0.061677	3.70E-05	2.13E-08	0.02784	9.8833	0.00033625	0.0023015	661.67	0.35129	0.030811	3.31E-07	0.36155	129.1153846	6.294	4.57E-05	232.5	0.79627	0.0031888	5.2581	6.4624e-321	0.66031	3.70E-10	1.127e-320	0.15577	630.201	450.18
23.4	369.237	39514	0.00031649	0.0003925	5.34E-131	5.86E-132	0.20246	1.14E-10	0.0043113	3.07E-05	7.3749	0.061952	3.69E-05	2.14E-08	0.027617	9.6689	0.00033035	0.0023017	661.75	0.3525	0.03089	3.22E-07	0.36224	129.0128205	6.294	4.57E-05	231.4	0.79629	0.0031914	5.2604	6.4772e-321	0.66071	3.71E-10	1.1294e-320	0.15612	630.669	450.18
23.5	369.215	39527	0.00031649	0.00039255	1.48E-131	1.61E-132	0.20247	1.14E-10	0.0041796	3.02E-05	7.3769	0.062227	3.69E-05	2.15E-08	0.027406	9.4599	0.00032459	0.002302	661.82	0.3537	0.030967	3.13E-07	0.36292	128.9166667	6.294	4.57E-05	230.31	0.79633	0.0031939	5.2627	6.4821e-321	0.66111	3.72E-10	1.1329e-320	0.15647	631.137	450.18
23.6	369.182	39539	0.00031649	0.0003926	4.13E-132	4.40E-133	0.20247	1.14E-10	0.0040526	2.98E-05	7.3787	0.062503	3.69E-05	2.16E-08	0.027206	9.256	0.00031894	0.0023022	661.89	0.35488	0.031044	3.04E-07	0.36358	128.8205128	6.294	4.57E-05	229.25	0.79637	0.0031963	5.2649	6.492e-321	0.66149	3.73E-10	1.1364e-320	0.15681	631.579	450.18
23.7	369.16	39551	0.00031649	0.00039265	1.15E-132	1.21E-133	0.20248	1.14E-10	0.0039301	2.94E-05	7.3806	0.062778	3.68E-05	2.17E-08	0.027018	9.0574	0.00031342	0.0023024	661.96	0.35604	0.031119	2.96E-07	0.36423	128.724359	6.294	4.57E-05	228.19	0.79642	0.0031985	5.267	6.5019e-321	0.66188	3.74E-10	1.1398e-320	0.15715	632.034	450.18
23.8	369.138	39563	0.00031649	0.00039269	3.19E-133	3.30E-134	0.20249	1.14E-10	0.0038119	2.89E-05	7.3825	0.063053	3.68E-05	2.18E-08	0.026842	8.8637	0.00030803	0.0023027	662.03	0.35719	0.031194	2.88E-07	0.36486	128.6282051	6.294	4.56E-05	227.16	0.79648	0.0032007	5.2691	6.5167e-321	0.66225	3.75E-10	1.1428e-320	0.15748	632.463	450.18
23.9	369.105	39575	0.00031649	0.00039273	8.86E-134	9.05E-135	0.20249	1.14E-10	0.0036978	2.85E-05	7.3843	0.063329	3.68E-05	2.19E-08	0.026678	8.675	0.00030275	0.0023029	662.09	0.35833	0.031267	2.80E-07	0.36548	128.5320513	6.294	4.56E-05	226.14	0.79655	0.0032028	5.2712	6.5315e-321	0.66263	3.76E-10	1.1452e-320	0.15781	632.892	450.18
24	369.083	39586	0.00031648	0.00039277	2.46E-134	2.48E-135	0.2025	1.14E-10	0.0035876	2.80E-05	7.3861	0.063605	3.67E-05	2.20E-08	0.026527	8.4911	0.00029759	0.0023031	662.16	0.35945	0.031339	2.72E-07	0.36608	128.4423077	6.294	4.56E-05	225.13	0.79662	0.0032048	5.2732	6.5464e-321	0.66299	3.76E-10	1.1487e-320	0.15814	633.308	450.18
24.1	369.061	39598	0.00031648	0.00039281	6.85E-135	6.79E-136	0.2025	1.14E-10	0.0034811	2.76E-05	7.388	0.06388	3.67E-05	2.21E-08	0.026388	8.312	0.00029255	0.0023034	662.23	0.36055	0.03141	2.65E-07	0.36667	128.3525641	6.294	4.56E-05	224.15	0.79671	0.0032067	5.2751	6.5563e-321	0.66335	3.77E-10	1.1512e-320	0.15846	633.724	450.18
24.2	369.039	39609	0.00031648	0.00039284	1.90E-135	1.86E-136	0.20251	1.14E-10	0.0033781	2.72E-05	7.3898	0.064156	3.67E-05	2.22E-08	0.026262	8.1374	0.00028762	0.0023036	662.29	0.36164	0.031481	2.58E-07	0.36724	128.2628205	6.294	4.56E-05	223.18	0.7968	0.0032085	5.277	6.5711e-321	0.66371	3.78E-10	1.1536e-320	0.15877	634.127	450.18
24.3	369.017	39620	0.00031647	0.00039288	5.29E-136	5.10E-137	0.20252	1.14E-10	0.0032786	2.68E-05	7.3915	0.064432	3.67E-05	2.23E-08	0.026149	7.9675	0.0002828	0.0023038	662.35	0.36271	0.03155	2.50E-07	0.3678	128.1794872	6.294	4.56E-05	222.22	0.7969	0.0032102	5.2788	6.5859e-321	0.66406	3.79E-10	1.1566e-320	0.15908	634.517	450.18
24.4	368.995	39631	0.00031647	0.00039291	1.47E-136	1.40E-137	0.20252	1.14E-10	0.0031823	2.63E-05	7.3933	0.064707	3.66E-05	2.24E-08	0.026049	7.802	0.0002781	0.002304	662.42	0.36377	0.031618	2.44E-07	0.36835	128.0897436	6.294	4.56E-05	221.28	0.79701	0.0032118	5.2806	6.5958e-321	0.6644	3.80E-10	1.1596e-320	0.15939	634.894	450.18
24.5	368.973	39642	0.00031646	0.00039294	4.09E-137	3.82E-138	0.20253	1.14E-10	0.0030892	2.59E-05	7.3951	0.064983	3.66E-05	2.25E-08	0.025962	7.6408	0.00027351	0.0023042	662.48	0.36481	0.031685	2.37E-07	0.36888	128.0064103	6.294	4.56E-05	220.36	0.79713	0.0032133	5.2823	6.6057e-321	0.66474	3.81E-10	1.162e-320	0.15969	635.271	450.18
24.6	368.951	39652	0.00031646	0.00039296	1.14E-137	1.05E-138	0.20253	1.14E-10	0.0029991	2.55E-05	7.3968	0.065259	3.66E-05	2.26E-08	0.025885	7.4839	0.00026902	0.0023045	662.54	0.36583	0.031751	2.31E-07	0.36939	127.9294872	6.294	4.56E-05	219.45	0.79726	0.0032147	5.284	6.6254e-321	0.66507	3.82E-10	1.165e-320	0.15999	635.635	450.18
24.7	368.929	39663	0.00031645	0.00039299	3.16E-138	2.87E-139	0.20254	1.14E-10	0.0029119	2.51E-05	7.3985	0.065535	3.66E-05	2.27E-08	0.025817	7.3313	0.00026464	0.0023047	662.6	0.36684	0.031815	2.24E-07	0.36989	127.8461538	6.294	4.56E-05	218.56	0.79739	0.003216	5.2856	6.6402e-321	0.6654	3.82E-10	1.168e-320	0.16028	635.986	450.18
24.8	368.907	39673	0.00031645	0.00039301	8.78E-139	7.86E-140	0.20254	1.14E-10	0.0028275	2.46E-05	7.4002	0.065811	3.66E-05	2.28E-08	0.025757	7.1827	0.00026036	0.0023049	662.65	0.36783	0.031879	2.18E-07	0.37038	127.7692308	6.2941	4.56E-05	217.69	0.79753	0.0032173	5.2872	6.6551e-321	0.66572	3.83E-10	1.1709e-320	0.16056	636.337	450.18
24.9	368.885	39683	0.00031644	0.00039304	2.44E-139	2.15E-140	0.20255	1.14E-10	0.0027458	2.42E-05	7.4019	0.066087	3.66E-05	2.29E-08	0.025703	7.0382	0.00025619	0.0023051	662.71	0.36881	0.031942	2.12E-07	0.37085	127.6923077	6.2941	4.55E-05	216.83	0.79767	0.0032185	5.2887	6.6699e-321	0.66604	3.84E-10	1.1739e-320	0.16085	636.688	450.18
25	368.863	39693	0.00031643	0.00039306	6.78E-140	5.90E-141	0.20255	1.14E-10	0.0026668	2.38E-05	7.4035	0.066363	3.65E-05	2.30E-08	0.025654	6.8976	0.00025212	0.0023053	662.77	0.36977	0.032003	2.07E-07	0.37132	127.6153846	6.2941	4.55E-05	215.99	0.79781	0.0032196	5.2902	6.6798e-321	0.66635	3.85E-10	1.1769e-320	0.16112	637.013	450.18
25.1	368.841	39702	0.00031643	0.00039308	1.88E-140	1.62E-141	0.20255	1.14E-10	0.0025903	2.34E-05	7.4052	0.06664	3.65E-05	2.31E-08	0.025611	6.761	0.00024815	0.0023055	662.82	0.37071	0.032064	2.01E-07	0.37176	127.5448718	6.2941	4.55E-05	215.16	0.79795	0.0032207	5.2916	6.6946e-321	0.66665	3.86E-10	1.1793e-320	0.1614	637.338	450.18
25.2	368.819	39712	0.00031642	0.00039309	5.24E-141	4.43E-142	0.20256	1.14E-10	0.0025162	2.30E-05	7.4068	0.066916	3.65E-05	2.32E-08	0.025571	6.6281	0.00024428	0.0023056	662.88	0.37164	0.032123	1.96E-07	0.3722	127.474359	6.2941	4.55E-05	214.35	0.79809	0.0032217	5.293	6.6995e-321	0.66695	3.86E-10	1.1818e-320	0.16166	637.663	450.18
25.3	368.797	39721	0.00031641	0.00039311	1.46E-141	1.21E-142	0.20256	1.14E-10	0.0024445	2.26E-05	7.4083	0.067192	3.65E-05	2.33E-08	0.025535	6.499	0.00024051	0.0023058	662.93	0.37255	0.032181	1.90E-07	0.37262	127.4038462	6.2941	4.55E-05	213.56	0.79824	0.0032227	5.2944	6.7144e-321	0.66724	3.87E-10	1.1843e-320	0.16193	637.975	450.18
25.4	368.786	39730	0.00031641	0.00039313	4.05E-142	3.33E-143	0.20257	1.14E-10	0.0023751	2.23E-05	7.4099	0.067469	3.65E-05	2.34E-08	0.025501	6.3735	0.00023684	0.002306	662.98	0.37344	0.032238	1.85E-07	0.37303	127.3333333	6.2941	4.55E-05	212.78	0.79838	0.0032237	5.2957	6.7292e-321	0.66753	3.88E-10	1.1867e-320	0.16218	638.274	450.18
25.5	368.764	39739	0.0003164	0.00039314	1.12E-142	9.11E-144	0.20257	1.14E-10	0.002308	2.19E-05	7.4114	0.067745	3.65E-05	2.35E-08	0.025471	6.2517	0.00023325	0.0023062	663.03	0.37432	0.032294	1.80E-07	0.37342	127.2628205	6.2941	4.55E-05	212.02	0.79852	0.0032246	5.297	6.7391e-321	0.66781	3.88E-10	1.1892e-320	0.16244	638.573	450.18
25.6	368.742	39747	0.00031639	0.00039315	3.13E-143	2.50E-144	0.20257	1.14E-10	0.002243	2.15E-05	7.4129	0.068022	3.65E-05	2.36E-08	0.025442	6.1334	0.00022977	0.0023064	663.08	0.37518	0.032349	1.75E-07	0.37381	127.1987179	6.2941	4.55E-05	211.28	0.79866	0.0032255	5.2983	6.7539e-321	0.66808	3.89E-10	1.1917e-320	0.16268	638.872	450.18
25.7	368.731	39756	0.00031639	0.00039317	8.69E-144	6.84E-145	0.20258	1.14E-10	0.0021801	2.11E-05	7.4143	0.068298	3.65E-05	2.37E-08	0.025415	6.0186	0.00022637	0.0023065	663.13	0.37602	0.032402	1.71E-07	0.37418	127.1346154	6.2941	4.55E-05	210.55	0.79879	0.0032264	5.2995	6.7638e-321	0.66835	3.90E-10	1.1937e-320	0.16293	639.145	450.18
25.8	368.709	39764	0.00031638	0.00039318	2.42E-144	1.87E-145	0.20258	1.14E-10	0.0021193	2.08E-05	7.4158	0.068575	3.65E-05	2.38E-08	0.025391	5.9072	0.00022307	0.0023067	663.18	0.37685	0.032455	1.66E-07	0.37454	127.0705128	6.2941	4.55E-05	209.83	0.79893	0.0032272	5.3007	6.7786e-321	0.66862	3.90E-10	1.1956e-320	0.16316	639.431	450.18
25.9	368.698	39772	0.00031637	0.00039319	6.71E-145	5.13E-146	0.20258	1.14E-10	0.0020604	2.04E-05	7.4172	0.068852	3.64E-05	2.39E-08	0.025367	5.7991	0.00021986	0.0023068	663.22	0.37766	0.032506	1.62E-07	0.37489	127.0128205	6.2941	4.55E-05	209.14	0.79906	0.003228	5.3019	6.7835e-321	0.66888	3.91E-10	1.1981e-320	0.16339	639.704	450.18
26	368.676	39780	0.00031636	0.0003932	1.87E-145	1.41E-146	0.20259	1.14E-10	0.0020035	2.00E-05	7.4185	0.069129	3.64E-05	2.40E-08	0.025345	5.6944	0.00021674	0.002307	663.27	0.37845	0.032556	1.58E-07	0.37523	126.9487179	6.2941	4.55E-05	208.46	0.79919	0.0032288	5.303	6.7934e-321	0.66913	3.92E-10	1.2006e-320	0.16362	639.964	450.18
26.1	368.665	39788	0.00031636	0.0003932	5.19E-146	3.85E-147	0.20259	1.14E-10	0.0019485	1.97E-05	7.4199	0.069405	3.64E-05	2.41E-08	0.025324	5.5929	0.0002137	0.0023072	663.31	0.37922	0.032605	1.53E-07	0.37556	126.8910256	6.2941	4.55E-05	207.8	0.79931	0.0032296	5.3041	6.8033e-321	0.66937	3.92E-10	1.2021e-320	0.16384	640.224	450.18
26.2	368.643	39796	0.00031635	0.00039321	1.44E-146	1.06E-147	0.20259	1.14E-10	0.0018953	1.93E-05	7.4212	0.069682	3.64E-05	2.42E-08	0.025305	5.4946	0.00021075	0.0023073	663.36	0.37998	0.032653	1.49E-07	0.37587	126.8397436	6.2941	4.55E-05	207.15	0.79944	0.0032303	5.3051	6.8082e-321	0.66961	3.93E-10	1.2035e-320	0.16406	640.471	450.18
26.3	368.632	39803	0.00031634	0.00039322	4.01E-147	2.89E-148	0.2026	1.14E-10	0.0018439	1.90E-05	7.4224	0.069959	3.64E-05	2.43E-08	0.025286	5.3994	0.00020789	0.0023075	663.4	0.38072	0.0327	1.46E-07	0.37618	126.7820513	6.2941	4.55E-05	206.52	0.79956	0.003231	5.3062	6.823e-321	0.66985	3.93E-10	1.2045e-320	0.16427	640.718	450.18
26.4	368.61	39810	0.00031633	0.00039322	1.11E-147	7.92E-149	0.2026	1.14E-10	0.0017942	1.87E-05	7.4237	0.070236	3.64E-05	2.44E-08	0.025268	5.3073	0.00020512	0.0023076	663.44	0.38144	0.032746	1.42E-07	0.37647	126.7307692	6.2941	4.55E-05	205.91	0.79967	0.0032317	5.3072	6.8379e-321	0.67008	3.94E-10	1.206e-320	0.16448	640.952	450.18
26.5	368.599	39817	0.00031632	0.00039323	3.10E-148	2.17E-149	0.2026	1.14E-10	0.0017463	1.83E-05	7.4249	0.070513	3.64E-05	2.45E-08	0.025251	5.2183	0.00020242	0.0023077	663.48	0.38215	0.03279	1.38E-07	0.37676	126.6794872	6.2941	4.55E-05	205.31	0.79979	0.0032323	5.3082	6.8428e-321	0.6703	3.95E-10	1.208e-320	0.16468	641.186	450.18
26.6	368.588	39824	0.00031632	0.00039323	8.61E-149	5.94E-150	0.20261	1.14E-10	0.0017	1.80E-05	7.4261	0.070791	3.64E-05	2.46E-08	0.025235	5.1323	0.00019982	0.0023079	663.52	0.38283	0.032833	1.35E-07	0.37703	126.6282051	6.2941	4.55E-05	204.73	0.7999	0.0032329	5.3091	6.8527e-321	0.67052	3.95E-10	1.2095e-320	0.16487	641.407	450.18
26.7	368.566	39831	0.00031631	0.00039324	2.39E-149	1.63E-150	0.20261	1.14E-10	0.0016553	1.77E-05	7.4272	0.071068	3.64E-05	2.47E-08	0.02522	5.0492	0.00019729	0.002308	663.56	0.3835	0.032875	1.31E-07	0.3773	126.5769231	6.2941	4.55E-05	204.16	0.80001	0.0032335	5.31	6.8576e-321	0.67073	3.96E-10	1.2114e-320	0.16506	641.628	450.18
26.8	368.555	39837	0.0003163	0.00039324	6.65E-150	4.46E-151	0.20261	1.14E-10	0.0016123	1.74E-05	7.4283	0.071345	3.64E-05	2.48E-08	0.025205	4.969	0.00019485	0.0023081	663.59	0.38415	0.032916	1.28E-07	0.37755	126.5320513	6.2941	4.55E-05	203.62	0.80012	0.0032341	5.3109	6.8626e-321	0.67093	3.96E-10	1.2129e-320	0.16525	641.836	450.18
26.9	368.544	39843	0.00031629	0.00039324	1.85E-150	1.22E-151	0.20261	1.14E-10	0.0015708	1.71E-05	7.4294	0.071622	3.64E-05	2.49E-08	0.025191	4.8917	0.00019249	0.0023083	663.63	0.38479	0.032956	1.25E-07	0.3778	126.4871795	6.2941	4.55E-05	203.08	0.80022	0.0032347	5.3117	6.8675e-321	0.67113	3.97E-10	1.2144e-320	0.16543	642.044	450.18
27	368.533	39849	0.00031629	0.00039324	5.14E-151	3.35E-152	0.20261	1.14E-10	0.0015308	1.68E-05	7.4305	0.0719	3.64E-05	2.50E-08	0.025177	4.8172	0.00019021	0.0023084	663.66	0.3854	0.032994	1.22E-07	0.37803	126.4423077	6.2941	4.55E-05	202.57	0.80032	0.0032352	5.3126	6.8725e-321	0.67132	3.97E-10	1.2159e-320	0.1656	642.239	450.18
27.1	368.522	39855	0.00031628	0.00039325	1.43E-151	9.17E-153	0.20262	1.14E-10	0.0014923	1.65E-05	7.4315	0.072177	3.64E-05	2.51E-08	0.025164	4.7455	0.00018801	0.0023085	663.7	0.386	0.033031	1.19E-07	0.37826	126.3974359	6.2941	4.55E-05	202.07	0.80041	0.0032358	5.3134	6.8774e-321	0.67151	3.98E-10	1.2174e-320	0.16577	642.434	450.18
27.2	368.511	39861	0.00031627	0.00039325	3.97E-152	2.51E-153	0.20262	1.14E-10	0.0014553	1.62E-05	7.4324	0.072455	3.64E-05	2.52E-08	0.025152	4.6765	0.00018589	0.0023086	663.73	0.38657	0.033067	1.16E-07	0.37848	126.3525641	6.2941	4.55E-05	201.59	0.80051	0.0032363	5.3141	6.8873e-321	0.67169	3.98E-10	1.2189e-320	0.16593	642.616	450.18
27.3	368.5	39866	0.00031627	0.00039325	1.10E-152	6.88E-154	0.20262	1.14E-10	0.0014197	1.60E-05	7.4334	0.072732	3.64E-05	2.53E-08	0.02514	4.6103	0.00018385	0.0023087	663.76	0.38713	0.033102	1.13E-07	0.37869	126.3141026	6.2941	4.55E-05	201.12	0.8006	0.0032368	5.3149	6.8922e-321	0.67186	3.98E-10	1.2203e-320	0.16609	642.798	450.18
27.4	368.489	39872	0.00031626	0.00039325	3.07E-153	1.89E-154	0.20262	1.14E-10	0.0013855	1.57E-05	7.4343	0.07301	3.64E-05	2.54E-08	0.025129	4.5467	0.00018188	0.0023088	663.79	0.38767	0.033136	1.11E-07	0.37889	126.275641	6.2941	4.55E-05	200.67	0.80068	0.0032372	5.3156	6.9021e-321	0.67203	3.99E-10	1.2213e-320	0.16624	642.967	450.18
27.5	368.478	39877	0.00031625	0.00039325	8.52E-154	5.17E-155	0.20262	1.14E-10	0.0013528	1.54E-05	7.4352	0.073288	3.64E-05	2.55E-08	0.025118	4.4858	0.00017999	0.0023089	663.82	0.38819	0.033168	1.08E-07	0.37908	126.2371795	6.2941	4.55E-05	200.24	0.80077	0.0032377	5.3162	6.912e-321	0.67219	3.99E-10	1.2223e-320	0.16639	643.136	450.18
27.6	368.467	39882	0.00031625	0.00039325	2.37E-154	1.42E-155	0.20263	1.14E-10	0.0013214	1.52E-05	7.436	0.073566	3.64E-05	2.56E-08	0.025108	4.4275	0.00017818	0.002309	663.85	0.38869	0.033199	1.06E-07	0.37926	126.2051282	6.2941	4.55E-05	199.83	0.80085	0.0032381	5.3169	6.9219e-321	0.67235	4.00E-10	1.2233e-320	0.16653	643.292	450.18
27.7	368.456	39886	0.00031624	0.00039325	6.58E-155	3.88E-156	0.20263	1.14E-10	0.0012913	1.49E-05	7.4368	0.073843	3.63E-05	2.57E-08	0.025098	4.3718	0.00017645	0.0023091	663.88	0.38918	0.033229	1.04E-07	0.37944	126.1730769	6.2941	4.55E-05	199.43	0.80092	0.0032385	5.3175	6.9268e-321	0.6725	4.00E-10	1.2243e-320	0.16667	643.448	450.18
27.8	368.445	39891	0.00031623	0.00039325	1.83E-155	1.06E-156	0.20263	1.14E-10	0.0012626	1.47E-05	7.4376	0.074121	3.63E-05	2.58E-08	0.025088	4.3186	0.0001748	0.0023092	663.9	0.38964	0.033258	1.02E-07	0.3796	126.1410256	6.2941	4.55E-05	199.04	0.801	0.0032389	5.3181	6.9367e-321	0.67264	4.00E-10	1.2258e-320	0.1668	643.591	450.18
27.9	368.434	39895	0.00031623	0.00039325	5.09E-156	2.91E-157	0.20263	1.14E-10	0.0012352	1.45E-05	7.4384	0.074399	3.63E-05	2.59E-08	0.025079	4.268	0.00017321	0.0023093	663.93	0.39009	0.033285	9.94E-08	0.37976	126.1089744	6.2941	4.55E-05	198.68	0.80107	0.0032393	5.3187	6.9416e-321	0.67278	4.01E-10	1.2273e-320	0.16692	643.734	450.18
28	368.423	39899	0.00031622	0.00039325	1.41E-156	7.97E-158	0.20263	1.14E-10	0.0012091	1.43E-05	7.4391	0.074677	3.63E-05	2.60E-08	0.025071	4.2199	0.00017171	0.0023094	663.95	0.39051	0.033312	9.75E-08	0.37991	126.0769231	6.2941	4.55E-05	198.33	0.80113	0.0032396	5.3192	6.9416e-321	0.67291	4.01E-10	1.2282e-320	0.16704	643.864	450.18
28.1	368.423	39903	0.00031622	0.00039324	3.93E-157	2.18E-158	0.20263	1.14E-10	0.0011843	1.40E-05	7.4397	0.074956	3.63E-05	2.61E-08	0.025063	4.1742	0.00017028	0.0023094	663.97	0.39091	0.033336	9.56E-08	0.38005	126.0512821	6.2941	4.55E-05	198	0.8012	0.0032399	5.3197	6.9416e-321	0.67303	4.01E-10	1.2287e-320	0.16715	643.994	450.18
28.2	368.412	39907	0.00031621	0.00039324	1.09E-157	5.98E-159	0.20264	1.14E-10	0.0011608	1.38E-05	7.4404	0.075234	3.63E-05	2.62E-08	0.025055	4.131	0.00016892	0.0023095	663.99	0.3913	0.03336	9.38E-08	0.38018	126.0192308	6.2941	4.55E-05	197.68	0.80126	0.0032403	5.3202	6.9416e-321	0.67315	4.02E-10	1.2297e-320	0.16726	644.111	450.18
28.3	368.401	39911	0.00031621	0.00039324	3.04E-158	1.64E-159	0.20264	1.14E-10	0.0011385	1.36E-05	7.441	0.075512	3.63E-05	2.63E-08	0.025048	4.0903	0.00016764	0.0023096	664.01	0.39167	0.033383	9.22E-08	0.38031	125.9935897	6.2941	4.55E-05	197.38	0.80131	0.0032406	5.3207	6.9416e-321	0.67326	4.02E-10	1.2312e-320	0.16736	644.228	450.18
28.4	368.401	39914	0.0003162	0.00039324	8.44E-159	4.49E-160	0.20264	1.14E-10	0.0011175	1.35E-05	7.4416	0.07579	3.63E-05	2.64E-08	0.025042	4.052	0.00016643	0.0023097	664.03	0.39201	0.033404	9.06E-08	0.38043	125.974359	6.2941	4.55E-05	197.1	0.80137	0.0032408	5.3211	6.9416e-321	0.67337	4.02E-10	1.2322e-320	0.16746	644.332	450.18
28.5	368.39	39917	0.0003162	0.00039324	2.35E-159	1.23E-160	0.20264	1.14E-10	0.0010978	1.33E-05	7.4421	0.076069	3.63E-05	2.65E-08	0.025035	4.016	0.0001653	0.0023097	664.05	0.39234	0.033424	8.91E-08	0.38054	125.9487179	6.2941	4.55E-05	196.84	0.80142	0.0032411	5.3215	6.9416e-321	0.67347	4.02E-10	1.2327e-320	0.16755	644.436	450.18
28.6	368.379	39920	0.00031619	0.00039324	6.52E-160	3.37E-161	0.20264	1.14E-10	0.0010793	1.31E-05	7.4426	0.076347	3.63E-05	2.66E-08	0.025029	3.9825	0.00016424	0.0023098	664.07	0.39264	0.033443	8.78E-08	0.38064	125.9294872	6.2941	4.55E-05	196.59	0.80146	0.0032414	5.3219	6.9416e-321	0.67356	4.03E-10	1.2337e-320	0.16763	644.527	450.18
28.7	368.379	39923	0.00031619	0.00039324	1.81E-160	9.23E-162	0.20264	1.14E-10	0.001062	1.29E-05	7.4431	0.076626	3.63E-05	2.67E-08	0.025024	3.9513	0.00016325	0.0023098	664.08	0.39293	0.03346	8.65E-08	0.38074	125.9102564	6.2941	4.55E-05	196.36	0.80151	0.0032416	5.3223	6.9416e-321	0.67365	4.03E-10	1.2342e-320	0.16771	644.618	450.18
28.8	368.368	39925	0.00031619	0.00039324	5.04E-161	2.53E-162	0.20264	1.14E-10	0.0010459	1.28E-05	7.4435	0.076904	3.63E-05	2.68E-08	0.025019	3.9225	0.00016234	0.0023099	664.1	0.39319	0.033476	8.53E-08	0.38083	125.8910256	6.2941	4.55E-05	196.14	0.80155	0.0032418	5.3226	6.9416e-321	0.67373	4.03E-10	1.2357e-320	0.16779	644.696	450.18
28.9	368.368	39928	0.00031618	0.00039324	1.40E-161	6.93E-163	0.20264	1.14E-10	0.0010311	1.27E-05	7.4439	0.077183	3.63E-05	2.69E-08	0.025014	3.896	0.0001615	0.0023099	664.11	0.39344	0.033491	8.42E-08	0.38091	125.8717949	6.2941	4.55E-05	195.95	0.80159	0.003242	5.3229	6.9416e-321	0.6738	4.03E-10	1.2366e-320	0.16785	644.774	450.18
29	368.368	39930	0.00031618	0.00039323	3.89E-162	1.90E-163	0.20264	1.14E-10	0.0010175	1.25E-05	7.4443	0.077461	3.63E-05	2.69E-08	0.02501	3.8719	0.00016073	0.00231	664.12	0.39366	0.033505	8.32E-08	0.38098	125.8589744	6.2941	4.55E-05	195.77	0.80162	0.0032422	5.3232	6.9416e-321	0.67387	4.03E-10	1.2371e-320	0.16791	644.852	450.18
29.1	368.357	39932	0.00031618	0.00039323	1.08E-162	5.20E-164	0.20264	1.14E-10	0.0010052	1.24E-05	7.4446	0.07774	3.63E-05	2.70E-08	0.025006	3.85	0.00016004	0.00231	664.13	0.39386	0.033517	8.23E-08	0.38105	125.8461538	6.2941	4.55E-05	195.6	0.80165	0.0032423	5.3234	6.9416e-321	0.67393	4.03E-10	1.2376e-320	0.16797	644.904	450.18
29.2	368.357	39933	0.00031618	0.00039323	3.01E-163	1.43E-164	0.20264	1.14E-10	0.00099414	1.23E-05	7.4449	0.078019	3.63E-05	2.71E-08	0.025003	3.8305	0.00015942	0.00231	664.14	0.39404	0.033528	8.15E-08	0.38111	125.8333333	6.2941	4.55E-05	195.46	0.80168	0.0032425	5.3236	6.9416e-321	0.67399	4.04E-10	1.2381e-320	0.16802	644.969	450.18
29.3	368.357	39935	0.00031617	0.00039323	8.36E-164	3.90E-165	0.20264	1.14E-10	0.00098431	1.22E-05	7.4452	0.078298	3.63E-05	2.72E-08	0.025	3.8133	0.00015887	0.0023101	664.15	0.3942	0.033538	8.08E-08	0.38116	125.8205128	6.2941	4.55E-05	195.33	0.8017	0.0032426	5.3238	6.9416e-321	0.67404	4.04E-10	1.2391e-320	0.16806	645.008	450.18
29.4	368.346	39936	0.00031617	0.00039323	2.32E-164	1.07E-165	0.20264	1.14E-10	0.00097575	1.21E-05	7.4454	0.078577	3.63E-05	2.73E-08	0.024997	3.7984	0.0001584	0.0023101	664.16	0.39434	0.033546	8.02E-08	0.38121	125.8141026	6.2941	4.55E-05	195.22	0.80172	0.0032427	5.324	6.9416e-321	0.67408	4.04E-10	1.2396e-320	0.1681	645.06	450.18
29.5	368.346	39937	0.00031617	0.00039323	6.46E-165	2.93E-166	0.20265	1.14E-10	0.00096846	1.20E-05	7.4456	0.078856	3.63E-05	2.74E-08	0.024995	3.7858	0.00015799	0.0023101	664.17	0.39446	0.033553	7.97E-08	0.38125	125.8012821	6.2941	4.55E-05	195.12	0.80174	0.0032428	5.3242	6.9416e-321	0.67411	4.04E-10	1.2396e-320	0.16814	645.086	450.18
29.6	368.346	39938	0.00031617	0.00039323	1.79E-165	8.03E-167	0.20265	1.14E-10	0.00096246	1.20E-05	7.4457	0.079135	3.63E-05	2.75E-08	0.024993	3.7755	0.00015766	0.0023101	664.17	0.39456	0.033559	7.93E-08	0.38128	125.7948718	6.2941	4.55E-05	195.04	0.80176	0.0032429	5.3243	6.9416e-321	0.67414	4.04E-10	1.2406e-320	0.16816	645.125	450.18
29.7	368.346	39939	0.00031617	0.00039323	4.99E-166	2.20E-167	0.20265	1.14E-10	0.00095776	1.19E-05	7.4459	0.079414	3.63E-05	2.76E-08	0.024992	3.7675	0.00015741	0.0023102	664.17	0.39463	0.033564	7.90E-08	0.3813	125.7948718	6.2941	4.55E-05	194.98	0.80177	0.0032429	5.3244	6.9416e-321	0.67417	4.04E-10	1.2411e-320	0.16818	645.151	450.18
29.8	368.346	39939	0.00031617	0.00039323	1.39E-166	6.06E-168	0.20265	1.14E-10	0.00095438	1.19E-05	7.4459	0.079693	3.63E-05	2.77E-08	0.024991	3.7617	0.00015723	0.0023102	664.18	0.39469	0.033567	7.87E-08	0.38132	125.7884615	6.2941	4.55E-05	194.94	0.80178	0.003243	5.3244	6.9416e-321	0.67418	4.04E-10	1.2416e-320	0.1682	645.164	450.18
29.9	368.346	39940	0.00031617	0.00039323	4.15E-167	1.77E-168	0.20265	1.14E-10	0.00095234	1.19E-05	7.446	0.079973	3.63E-05	2.78E-08	0.02499	3.7583	0.00015712	0.0023102	664.18	0.39472	0.033569	7.86E-08	0.38133	125.7884615	6.2941	4.55E-05	194.91	0.80178	0.003243	5.3245	6.9416e-321	0.67419	4.04E-10	1.2416e-320	0.16821	645.177	450.18
30	368.346	39940	0.00031617	0.00039323	2.14E-167	9.04E-169	0.20265	1.14E-10	0.00095165	1.19E-05	7.446	0.080252	3.63E-05	2.78E-08	0.02499	3.7571	0.00015708	0.0023102	664.18	0.39473	0.03357	7.85E-08	0.38133	125.7884615	6.2941	4.55E-05	194.91	0.80178	0.003243	5.3245	6.9466e-321	0.6742	4.04E-10	1.2416e-320	0.16821	645.177	450.18