z	 OMzt	 OMbzt	 DOM1zt	 DOM2zt	 O2zt	 NO3zt	 NH4zt	 NH3zt	 FeOH3zt	 FeOOHzt	 Fe2zt	 SO4zt	 H2Szt	 HSzt	 PO4zt	 PO4adsazt	 PO4adsbzt	 S0zt	 S8zt	 FeSzt	 FeS2zt	 AlOH3zt	 Ca2zt	 Ca3PO42zt	 OMSzt	 Hzt	 CaCO3zt	 CO2zt	 CO3zt	 HCO3zt	 H2CO3zt	 Chlzt	 CH4aq	 CH4g	 FeCO3	 Fe3PO42
0	148.3	52786	0.00014623	3.7993	0.21181	0.76498	0.53209	-0	167.43	0	-0	0.051036	-0	7.29e-09	0.0004887	0.072209	4.9491e-23	-0	0.052969	3.7418e-76	0.00014385	557.69	0.018752	0.017066	0.86057	0.2497	0.19848	1.5435	0.0017937	2.2655	-0	0.030502	-0	-0	1.6039e-05	7.6676e-22
0.11765	50.13	23588	0.00015729	4.0303	0.21061	0.74008	0.53978	-0	154.89	0	8.9806e-05	0.051295	2.2807e-05	8.372e-09	0.00071252	0.07204	4.9489e-23	1.3483e-06	0.052212	4.1548e-75	0.00014385	242.51	0.044342	0.017355	0.8145	0.23502	0.19792	1.1724	0.0017457	2.3502	4.4466e-323	0.011733	5.8307e-11	0.021132	8.9047e-05	4.2601e-21
0.23529	26.645	14723	0.00016788	4.2418	0.16459	0.57325	0.54762	7.3838e-11	157.63	0	0.0002235	0.051267	4.662e-05	4.7817e-09	0.00098136	0.077847	5.3644e-23	2.7855e-06	0.055281	6.3343e-74	0.00015593	146.7	0.070976	0.018986	0.8086	0.18669	0.21361	2.2017	0.00084505	1.2142	1.0375e-322	0.0074672	1.3859e-10	0.043293	0.00012012	5.7879e-21
0.35294	16.003	9669.9	0.00017792	4.4275	0.12627	0.4059	0.55333	1.6444e-10	160.09	0	0.00032052	0.050984	7.1095e-05	2.719e-09	0.0011756	0.084819	5.879e-23	4.3702e-06	0.058582	1.1267e-72	0.00017089	92.175	0.098329	0.020905	0.78779	0.14829	0.23268	2.7528	0.00040739	0.62685	1.581e-322	0.0056349	2.6721e-10	0.066239	0.00014362	6.9746e-21
0.47059	10.017	6537	0.00018736	4.582	0.09554	0.25579	0.55552	2.205e-10	160.23	0	0.00054934	0.050521	9.5946e-05	1.5405e-09	0.0013121	0.092235	6.4499e-23	6.0841e-06	0.06156	2.0072e-71	0.00018748	58.528	0.12613	0.022957	0.75173	0.11779	0.25327	3.0542	0.00019583	0.32579	2.0751e-322	0.0046207	4.8677e-10	0.089774	0.00016512	8.0811e-21
0.58824	6.3265	4625.7	0.00019614	4.7005	0.071997	0.15377	0.55522	2.5462e-10	157.7	0	0.00078919	0.049903	0.00012094	8.7026e-10	0.0014083	0.099837	7.0639e-23	7.8553e-06	0.064038	3.1663e-70	0.00020533	38.246	0.15418	0.025079	0.70724	0.093564	0.2747	3.2265	9.4029e-05	0.17375	2.6185e-322	0.0039676	8.6992e-10	0.11375	0.00018618	9.1796e-21
0.70588	3.9752	3471.3	0.00020423	4.7798	0.05427	0.092218	0.55286	2.7475e-10	152.78	0	0.0011291	0.049179	0.00014588	4.9045e-10	0.0014779	0.1075	7.7146e-23	9.5902e-06	0.065973	4.3779e-69	0.00022424	26.329	0.18229	0.027229	0.66216	0.074321	0.29656	3.3269	4.5231e-05	0.098133	3.1126e-322	0.0035045	1.543e-09	0.13806	0.00020738	1.0296e-20
0.82353	2.4757	2760.4	0.00021162	4.8182	0.040986	0.055198	0.54884	2.8589e-10	145.99	0	0.0015336	0.048382	0.00017062	2.7586e-10	0.0015328	0.11515	8.3979e-23	1.1199e-05	0.067404	5.4785e-68	0.00024411	19.375	0.21033	0.029375	0.6229	0.059035	0.31856	3.3862	2.1929e-05	0.062556	3.7055e-322	0.0031558	2.727e-09	0.16261	0.00022896	1.1442e-20
0.94118	1.5346	2301.5	0.00021833	4.8153	0.030984	0.032989	0.54352	2.9126e-10	137.92	0	0.0020193	0.047538	0.00019501	1.5493e-10	0.0015815	0.12273	9.1107e-23	1.2609e-05	0.068416	6.1657e-67	0.00026483	15.274	0.23821	0.031485	0.59348	0.046893	0.34043	3.4217	1.0852e-05	0.048058	4.1996e-322	0.0028814	4.8094e-09	0.18736	0.00025101	1.2621e-20
1.0588	0.95827	1985.8	0.00022436	4.7724	0.023414	0.019691	0.53716	2.9291e-10	129.14	0	0.0025892	0.046671	0.00021897	8.6901e-11	0.0016297	0.13021	9.8503e-23	1.3778e-05	0.06912	6.2211e-66	0.00028633	12.806	0.26584	0.033531	0.57546	0.037249	0.36193	3.4425	5.6208e-06	0.04511	4.743e-322	0.0026571	8.4701e-09	0.21228	0.00027355	1.3832e-20
1.1765	0.61491	1753.7	0.00022975	4.6921	0.017659	0.011742	0.53	2.9214e-10	120.12	0	0.0032343	0.0458	0.0002424	4.8696e-11	0.001681	0.13755	1.0614e-22	1.4684e-05	0.069632	5.6361e-65	0.00030853	11.284	0.29315	0.035486	0.56846	0.029588	0.38284	3.4531	3.1832e-06	0.049064	5.2865e-322	0.0024667	1.4902e-08	0.23733	0.00029658	1.5075e-20
1.2941	0.41553	1572.5	0.00023455	4.5779	0.013279	0.0069964	0.52221	2.898e-10	111.21	0	0.0039359	0.044939	0.00026523	2.7266e-11	0.0017373	0.14471	1.14e-22	1.5332e-05	0.070059	4.6068e-64	0.00033137	10.322	0.32011	0.037326	0.57097	0.023502	0.40295	3.4556	2.0839e-06	0.05781	5.83e-322	0.0022995	2.6196e-08	0.2625	0.00032006	1.6346e-20
1.4118	0.30189	1423.9	0.00023881	4.4345	0.009955	0.0041662	0.51391	2.8643e-10	102.64	0	0.0046685	0.044099	0.0002874	1.5257e-11	0.0017994	0.15167	1.2205e-22	1.5738e-05	0.070489	3.4216e-63	0.00035478	9.6987	0.34665	0.039028	0.58105	0.018669	0.4221	3.4513	1.6344e-06	0.07058	6.3734e-322	0.0021482	4.602e-08	0.2878	0.00034396	1.7645e-20
1.5294	0.23737	1297	0.00024258	4.267	0.0074497	0.0024796	0.50522	2.8236e-10	94.549	0	0.0054026	0.043288	0.00030886	8.5333e-12	0.0018675	0.15839	1.3028e-22	1.593e-05	0.070988	2.3292e-62	0.0003787	9.2837	0.37276	0.040574	0.59682	0.014829	0.44013	3.4405	1.5157e-06	0.087352	6.9169e-322	0.0020081	8.0808e-08	0.31323	0.00036821	1.8966e-20
1.6471	0.19996	1185.2	0.00024593	4.0808	0.0055818	0.0014752	0.49623	2.7782e-10	87.009	0	0.0061088	0.04251	0.00032957	4.7707e-12	0.001941	0.16487	1.3866e-22	1.594e-05	0.0716	1.4672e-61	0.00040308	8.997	0.39841	0.041948	0.61672	0.011779	0.4569	3.4235	1.5894e-06	0.10855	7.411e-322	0.0018764	1.4184e-07	0.33879	0.00039278	2.0307e-20
1.7647	0.17702	1084.4	0.00024892	3.8812	0.0042063	0.00087741	0.48699	2.7296e-10	80.036	0	0.0067609	0.041769	0.00034947	2.6664e-12	0.0020193	0.17108	1.4719e-22	1.5798e-05	0.072352	8.6345e-61	0.00042786	8.7897	0.42356	0.043136	0.63958	0.0093564	0.47231	3.3999	1.8101e-06	0.13491	7.9545e-322	0.0017513	2.4888e-07	0.36448	0.0004176	2.1665e-20
1.8824	0.16161	992.04	0.00025159	3.6735	0.0032056	0.00052171	0.47757	2.6789e-10	73.619	0	0.007339	0.041067	0.00036855	1.4899e-12	0.0021017	0.177	1.5583e-22	1.5534e-05	0.073256	4.7903e-60	0.00045299	8.6319	0.4482	0.044128	0.66456	0.0074321	0.48629	3.3695	2.1872e-06	0.1674	8.5473e-322	0.0016319	4.366e-07	0.39031	0.00044264	2.3038e-20
2	0.1501	906.64	0.000254	3.4623	0.0024857	0.00031016	0.46802	2.6267e-10	67.733	0	0.0078298	0.040404	0.00038676	8.3231e-13	0.0021873	0.18263	1.6459e-22	1.5174e-05	0.074314	2.5258e-59	0.00047844	8.5054	0.4723	0.04492	0.69113	0.0059035	0.49876	3.3317	2.7712e-06	0.20719	9.0414e-322	0.0015178	7.6575e-07	0.4163	0.00046784	2.4421e-20
2.1176	0.14066	827.23	0.0002562	3.2517	0.0019728	0.00018436	0.45837	2.5735e-10	62.345	0	0.0082274	0.039778	0.00040408	4.649e-13	0.0022753	0.18796	1.7343e-22	1.4743e-05	0.07552	1.2747e-58	0.00050417	8.3996	0.49586	0.045505	0.71892	0.0046893	0.50971	3.2858	3.6551e-06	0.25564	9.5355e-322	0.0014087	1.3429e-06	0.44245	0.00049317	2.5813e-20
2.2353	0.13238	753.28	0.00025821	3.0453	0.0016111	0.00010957	0.44866	2.5196e-10	57.421	0	0.0085314	0.039187	0.00042049	2.5965e-13	0.002365	0.19299	1.8236e-22	1.426e-05	0.076865	6.1941e-58	0.00053013	8.3079	0.51885	0.045885	0.74769	0.0037249	0.51912	3.2311	4.9835e-06	0.31427	1.0079e-321	0.0013045	1.4025e-06	0.46876	0.00051857	2.721e-20
2.3529	0.12487	684.45	0.00026008	2.8457	0.0013586	6.5114e-05	0.43891	2.4653e-10	52.93	0	0.0087458	0.03863	0.00043597	1.45e-13	0.0024559	0.19771	1.9137e-22	1.3741e-05	0.078338	2.9122e-57	0.0005563	8.2266	0.54127	0.046062	0.77727	0.0029588	0.527	3.1668	6.97e-06	0.38469	1.0622e-321	0.0012051	1.4624e-06	0.49524	0.00054403	2.8612e-20
2.4706	0.11792	620.53	0.00026182	2.6551	0.0011852	3.8692e-05	0.42914	2.4107e-10	48.84	0	0.0088775	0.038103	0.00045051	8.0967e-14	0.0025473	0.20214	2.0043e-22	1.3202e-05	0.079924	1.3301e-56	0.00058266	8.1531	0.56309	0.04604	0.80756	0.0023502	0.53338	3.0922	9.9204e-06	0.46852	1.1116e-321	0.0011106	1.7445e-06	0.52191	0.00056949	3.0015e-20
2.5882	0.11144	561.37	0.00026346	2.4749	0.0010693	2.2991e-05	0.41938	2.3561e-10	45.121	0	0.008935	0.037604	0.00046408	4.5209e-14	0.0026389	0.20627	2.0955e-22	1.2654e-05	0.081611	5.921e-56	0.00060918	8.086	0.58432	0.045825	0.83846	0.0018669	0.53831	3.0066	1.4259e-05	0.56724	1.1611e-321	0.001021	2.089e-06	0.54877	0.00059494	3.1419e-20
2.7059	0.1054	506.82	0.00026499	2.3061	0.00099474	1.366e-05	0.40964	2.3016e-10	41.746	0	0.0089296	0.037128	0.00047669	2.5242e-14	0.0027301	0.2101	2.1872e-22	1.2106e-05	0.083387	2.5758e-55	0.00063584	8.024	0.60494	0.045428	0.86991	0.0014829	0.54185	2.9098	2.0555e-05	0.68198	1.2105e-321	0.00093622	2.2674e-06	0.57581	0.00062033	3.2821e-20
2.8235	0.099759	456.74	0.00026644	2.1489	0.00095057	8.116e-06	0.39994	2.2472e-10	38.687	0	0.0088686	0.036674	0.00048833	1.4093e-14	0.0028209	0.21363	2.2793e-22	1.1566e-05	0.085238	1.0974e-54	0.00066262	7.9663	0.62494	0.044858	0.90185	0.0011779	0.54406	2.8021	2.9527e-05	0.81319	1.2599e-321	0.00085642	2.3275e-06	0.60306	0.00064566	3.4219e-20
2.9412	0.09451	410.96	0.00026779	2.0036	0.00092874	4.8219e-06	0.39029	2.1931e-10	35.92	0	0.0087622	0.036238	0.000499	7.8682e-15	0.0029108	0.21688	2.3717e-22	1.1041e-05	0.087152	4.5864e-54	0.0006895	7.9122	0.64433	0.044128	0.93422	0.00093564	0.54504	2.6847	4.2002e-05	0.96009	1.3093e-321	0.00078155	2.281e-06	0.6305	0.0006709	3.5613e-20
3.0588	0.089634	369.33	0.00026906	1.8698	0.00092336	2.8647e-06	0.3807	2.1393e-10	33.419	0	0.0086191	0.035817	0.0005087	4.3927e-15	0.0029998	0.21983	2.4645e-22	1.0534e-05	0.089119	1.883e-53	0.00071648	7.8611	0.66311	0.04325	0.96698	0.00074321	0.54487	2.5601	5.8754e-05	1.12	1.3636e-321	0.00071155	2.1517e-06	0.65815	0.00069601	3.7001e-20
3.1765	0.085117	331.63	0.00027024	1.747	0.00093008	1.7019e-06	0.37119	2.0859e-10	31.161	0	0.0084468	0.035409	0.00051743	2.4524e-15	0.0030879	0.22249	2.5575e-22	1.005e-05	0.091129	7.6028e-53	0.00074354	7.8126	0.68126	0.042238	1.0001	0.00059035	0.54364	2.4337	8.0071e-05	1.2868	1.4081e-321	0.00064635	1.932e-06	0.68601	0.000721	3.8382e-20
3.2941	0.080942	297.66	0.00027134	1.6347	0.00094569	1.0111e-06	0.36176	2.033e-10	29.125	0	0.0082518	0.035012	0.00052521	1.3691e-15	0.0031749	0.22485	2.6508e-22	9.5887e-06	0.093171	3.0215e-52	0.00077068	7.7663	0.69879	0.041107	1.0335	0.00046893	0.54146	2.3146	0.00010477	1.4493	1.4624e-321	0.00058583	1.6567e-06	0.71409	0.00074583	3.9756e-20
3.4118	0.077092	267.21	0.00027234	1.5321	0.00096768	6.0067e-07	0.35243	1.9806e-10	27.29	0	0.0080398	0.034623	0.00053205	7.6431e-16	0.0032609	0.22692	2.7443e-22	9.1528e-06	0.095237	1.1827e-51	0.00079787	7.7219	0.7157	0.039871	1.0672	0.00037249	0.53844	2.2191	0.00012804	1.5873	1.5118e-321	0.00052985	1.3643e-06	0.74237	0.0007705	4.112e-20
3.5294	0.073552	240.03	0.00027325	1.4385	0.00099417	3.5684e-07	0.34321	1.9289e-10	25.636	0	0.0078158	0.034243	0.00053796	4.2668e-16	0.0033459	0.22869	2.838e-22	8.7423e-06	0.097319	4.5626e-51	0.00082512	7.6793	0.732	0.038546	1.1012	0.00029588	0.53466	2.1752	0.00013693	1.665	1.5662e-321	0.00047824	1.0781e-06	0.77088	0.00079499	4.2475e-20
3.6471	0.070302	215.88	0.00027407	1.353	0.0010235	2.1199e-07	0.3341	1.8778e-10	24.145	0	0.0075842	0.033868	0.00054296	2.382e-16	0.00343	0.23017	2.9319e-22	8.3569e-06	0.09941	1.7353e-50	0.00085243	7.6381	0.7477	0.037145	1.1354	0.00028531	0.53023	2.0476	0.00016357	1.8055	1.6205e-321	0.00043081	8.4496e-07	0.7996	0.00081928	4.3819e-20
3.7647	0.067326	194.54	0.00027479	1.2751	0.0010546	1.2594e-07	0.32512	1.8273e-10	22.799	0	0.0073486	0.033499	0.00054708	1.3297e-16	0.0035134	0.23134	3.0259e-22	7.9957e-06	0.1015	6.5086e-50	0.00087977	7.5984	0.7628	0.035684	1.1697	0.00028188	0.52525	1.9597	0.00018084	1.8931	1.6749e-321	0.00038735	7.0805e-07	0.82854	0.00084337	4.5152e-20
3.8824	0.064605	175.75	0.00027542	1.2039	0.0010861	7.4814e-08	0.31627	1.7776e-10	21.583	0	0.0071124	0.033134	0.00055034	7.4232e-17	0.0035961	0.2322	3.1201e-22	7.6577e-06	0.10359	2.408e-49	0.00090716	7.5598	0.77732	0.034175	1.2043	0.00027848	0.51981	1.9072	0.00018996	1.9391	1.7292e-321	0.00034763	4.0402e-07	0.8577	0.00086724	4.6473e-20
4	0.062122	159.3	0.00027595	1.1388	0.0011173	4.4444e-08	0.30756	1.7287e-10	20.483	0	0.0068785	0.032774	0.00055276	4.144e-17	0.0036784	0.23276	3.2143e-22	7.3415e-06	0.10567	8.7888e-49	0.00093458	7.5225	0.79125	0.032633	1.239	0.00027513	0.51401	1.8766	0.00019428	1.9603	1.7836e-321	0.00031144	2.3055e-07	0.88708	0.00089088	4.7781e-20
4.1176	0.05986	144.94	0.0002764	1.0792	0.0011475	2.6403e-08	0.29899	1.6806e-10	19.484	0	0.0066492	0.032418	0.00055438	2.3133e-17	0.0037604	0.233	3.3087e-22	7.0456e-06	0.10774	3.1648e-48	0.00096203	7.4862	0.80462	0.03107	1.2738	0.00027181	0.50793	1.8624	0.00019447	1.9631	1.8379e-321	0.00027854	1.3157e-07	0.91668	0.00091429	4.9076e-20
4.2353	0.057801	132.46	0.00027675	1.0246	0.0011759	1.5685e-08	0.29057	1.6333e-10	18.575	0	0.0064268	0.032066	0.00055523	1.2914e-17	0.0038422	0.23294	3.4031e-22	6.7682e-06	0.10979	1.1244e-47	0.00098951	7.4509	0.81744	0.029498	1.3087	0.00027513	0.50164	1.8429	0.00019614	1.9693	1.8923e-321	0.00024872	7.5098e-08	0.94651	0.00093744	5.0358e-20
4.3529	0.05593	121.67	0.00027701	0.97435	0.0012022	9.3176e-09	0.28231	1.5869e-10	17.744	0	0.0062132	0.031717	0.00055534	7.2092e-18	0.0039241	0.23256	3.4977e-22	6.5079e-06	0.11181	3.9408e-47	0.001017	7.4166	0.82972	0.027928	1.3436	0.00027848	0.49522	1.8323	0.00019539	1.9665	1.9466e-321	0.00022174	4.2895e-08	0.97656	0.00096034	5.1625e-20
4.4706	0.054231	112.37	0.00027719	0.92809	0.0012257	5.5352e-09	0.27421	1.5414e-10	16.983	0	0.0060099	0.031374	0.00055474	4.0245e-18	0.0040061	0.23187	3.5923e-22	6.2628e-06	0.11382	1.3625e-46	0.0010445	7.3833	0.84148	0.02637	1.3787	0.00028188	0.48874	1.8247	0.0001942	1.9618	2.001e-321	0.0001974	2.4554e-08	1.0068	0.00098297	5.2877e-20
4.5882	0.05269	104.38	0.00027728	0.88538	0.0012463	3.2882e-09	0.26627	1.4969e-10	16.28	0	0.0058184	0.031034	0.00055348	2.2466e-18	0.0040885	0.23086	3.6869e-22	6.0316e-06	0.11579	4.6465e-46	0.0010721	7.3509	0.85273	0.024833	1.4138	0.00028531	0.48226	1.8156	0.00019421	1.9608	2.0553e-321	0.00017549	1.4147e-08	1.0373	0.0010053	5.4114e-20
4.7059	0.051294	97.537	0.0002773	0.84587	0.0012637	1.9534e-09	0.25851	1.4532e-10	15.63	0	0.0056399	0.030699	0.00055159	1.2542e-18	0.0041715	0.22954	3.7817e-22	5.8128e-06	0.11774	1.5627e-45	0.0010997	7.3193	0.86349	0.023325	1.4489	0.00028188	0.47582	1.8219	0.00019092	1.9477	2.1097e-321	0.0001558	8.3121e-09	1.068	0.0010274	5.5336e-20
4.8235	0.050028	91.699	0.00027725	0.80922	0.0012776	1.1604e-09	0.25091	1.4105e-10	15.025	0	0.0054756	0.03037	0.00054911	7.0012e-19	0.0042551	0.22791	3.8764e-22	5.6051e-06	0.11965	5.1823e-45	0.0011272	7.2886	0.87379	0.021853	1.4841	0.00028531	0.46948	1.8057	0.00019424	1.9584	2.1689e-321	0.00013816	5.1628e-09	1.099	0.0010492	5.6541e-20
4.9412	0.048882	86.73	0.00027712	0.77514	0.0012879	6.8935e-10	0.24349	1.3688e-10	14.458	0	0.0053263	0.030046	0.00054607	3.9083e-19	0.0043394	0.22598	3.9713e-22	5.4073e-06	0.12153	1.6942e-44	0.0011548	7.2587	0.88362	0.020424	1.5193	0.00028188	0.46328	1.8034	0.00019462	1.9584	2.2233e-321	0.00012237	3.6818e-09	1.1301	0.0010707	5.7729e-20
5.0588	0.047845	82.511	0.00027693	0.74339	0.0012946	4.0951e-10	0.23624	1.3281e-10	13.924	0	0.005193	0.029728	0.00054253	2.1818e-19	0.0044247	0.22375	4.0661e-22	5.2183e-06	0.12337	5.459e-44	0.0011824	7.2297	0.89303	0.019042	1.5545	0.00027848	0.45723	1.7961	0.00019712	1.966	2.2826e-321	0.00010828	3.3906e-09	1.1615	0.0010919	5.8901e-20
5.1765	0.046906	78.936	0.00027668	0.71372	0.0012976	2.4327e-10	0.22917	1.2884e-10	13.42	0	0.0050762	0.029416	0.00053852	1.218e-19	0.0045109	0.22122	4.161e-22	5.0374e-06	0.12518	1.7333e-43	0.0012101	7.2014	0.90201	0.017712	1.5896	0.00027513	0.45139	1.7849	0.00020116	1.9789	2.3419e-321	9.5728e-05	4.1952e-09	1.193	0.0011128	6.0055e-20
5.2941	0.046056	75.911	0.00027637	0.68594	0.0012969	1.4452e-10	0.22227	1.2497e-10	12.939	0	0.0049766	0.02911	0.00053408	6.7991e-20	0.0045981	0.2184	4.2559e-22	4.8636e-06	0.12695	5.4215e-43	0.0012377	7.1738	0.9106	0.016438	1.6248	0.00027181	0.44575	1.7699	0.00020701	1.9976	2.4061e-321	8.4564e-05	6.3555e-09	1.2248	0.0011333	6.1191e-20
5.4118	0.045287	73.354	0.000276	0.65987	0.0012927	8.5851e-11	0.21556	1.2119e-10	12.48	0	0.0048949	0.028811	0.00052925	3.7955e-20	0.0046865	0.2153	4.3508e-22	4.6965e-06	0.12869	1.6702e-42	0.0012653	7.147	0.9188	0.015221	1.66	0.00026211	0.44035	1.7717	0.00020845	2.0014	2.4654e-321	7.4656e-05	1.057e-08	1.2569	0.0011536	6.2309e-20
5.5294	0.044591	71.194	0.00027559	0.63535	0.0012849	5.1e-11	0.20902	1.1752e-10	12.04	0	0.0048315	0.02852	0.00052407	2.1188e-20	0.004776	0.21194	4.4458e-22	4.5355e-06	0.13039	5.0665e-42	0.001293	7.1209	0.92665	0.014065	1.6951	0.00025895	0.43519	1.7569	0.00021451	2.0211	2.5296e-321	6.5878e-05	1.82e-08	1.2891	0.0011735	6.3408e-20
5.6471	0.043961	69.368	0.00027513	0.61224	0.0012737	3.0297e-11	0.20266	1.1394e-10	11.615	0	0.004787	0.028235	0.00051858	1.1828e-20	0.0048667	0.20831	4.5407e-22	4.3801e-06	0.13205	1.5129e-41	0.0013206	7.0955	0.93415	0.012969	1.7302	0.00025583	0.43028	1.7461	0.00021906	2.0362	2.5889e-321	5.8118e-05	3.1713e-08	1.3215	0.0011931	6.4489e-20
5.7647	0.043391	67.824	0.00027463	0.59041	0.0012592	1.7998e-11	0.19647	1.1047e-10	11.205	0	0.0047616	0.027957	0.00051283	6.6029e-21	0.0049586	0.20444	4.6357e-22	4.2301e-06	0.13367	4.4459e-41	0.0013483	7.0707	0.94133	0.011935	1.7653	0.00025275	0.42563	1.7389	0.00022235	2.0474	2.6531e-321	5.1269e-05	5.5474e-08	1.3542	0.0012123	6.555e-20
5.8824	0.042873	66.516	0.00027409	0.56976	0.0012415	1.0692e-11	0.19046	1.0709e-10	10.807	0	0.0047559	0.027687	0.00050684	3.686e-21	0.0050517	0.20034	4.7306e-22	4.0852e-06	0.13526	1.2853e-40	0.0013759	7.0466	0.94819	0.010962	1.8003	0.0002497	0.42122	1.736	0.00022387	2.0535	2.7174e-321	4.5236e-05	9.7164e-08	1.387	0.0012312	6.6592e-20
6	0.042405	65.405	0.00027351	0.55018	0.0012207	6.3515e-12	0.18463	1.0381e-10	10.42	0	0.0047703	0.027424	0.00050066	2.0577e-21	0.0051461	0.19602	4.8256e-22	3.9453e-06	0.13681	3.6548e-40	0.0014036	7.0231	0.95477	0.01005	1.8353	0.00025275	0.41707	1.7173	0.00023016	2.0744	2.7816e-321	3.9932e-05	1.7026e-07	1.4201	0.0012498	6.7614e-20
6.1176	0.041979	64.457	0.0002729	0.53159	0.001197	3.7731e-12	0.17897	1.0063e-10	10.043	0	0.0048051	0.027168	0.00049432	1.1487e-21	0.0052416	0.19149	4.9205e-22	3.8101e-06	0.13832	1.0218e-39	0.0014312	7.0001	0.96107	0.0091985	1.8702	0.0002497	0.41316	1.7171	0.00023103	2.0781	2.8458e-321	3.5278e-05	2.9837e-07	1.4533	0.001268	6.8616e-20
6.2353	0.041593	63.646	0.00027226	0.51391	0.0011706	2.2415e-12	0.17348	9.7546e-11	9.6749	0	0.0048607	0.02692	0.00048787	6.4123e-22	0.0053383	0.18676	5.0154e-22	3.6797e-06	0.1398	2.8077e-39	0.0014588	6.9778	0.96712	0.0084048	1.9051	0.0002467	0.40948	1.7162	0.00023253	2.0831	2.9051e-321	3.1202e-05	5.2292e-07	1.4868	0.0012858	6.9598e-20
6.3529	0.041241	62.948	0.0002716	0.49707	0.0011415	1.3315e-12	0.16816	9.4555e-11	9.3157	0	0.0049376	0.026679	0.00048132	3.5796e-22	0.0054361	0.18187	5.1103e-22	3.5539e-06	0.14124	7.5801e-39	0.0014865	6.956	0.97292	0.0076677	1.9399	0.00024373	0.40603	1.7175	0.00023302	2.0856	2.9644e-321	2.7639e-05	9.1647e-07	1.5204	0.0013033	7.0559e-20
6.4706	0.040921	62.343	0.0002709	0.481	0.0011099	7.9101e-13	0.163	9.1658e-11	8.9645	0	0.005036	0.026446	0.00047471	1.9983e-22	0.005535	0.17682	5.2052e-22	3.4327e-06	0.14265	2.0099e-38	0.0015141	6.9347	0.9785	0.0069852	1.9746	0.0002467	0.40279	1.7024	0.00023865	2.1037	3.0286e-321	2.4531e-05	1.3859e-06	1.5543	0.0013204	7.1499e-20
6.5882	0.040629	61.815	0.00027019	0.46564	0.0010762	4.699e-13	0.15801	8.8853e-11	8.6212	0	0.0051563	0.026219	0.00046808	1.1155e-22	0.005635	0.17162	5.3e-22	3.316e-06	0.14402	5.2316e-38	0.0015417	6.9139	0.98386	0.006355	2.0093	0.00024373	0.39976	1.7063	0.00023836	2.1038	3.0929e-321	2.1825e-05	2.2763e-06	1.5883	0.0013372	7.2418e-20
6.7059	0.040361	61.35	0.00026945	0.45096	0.0010383	2.7915e-13	0.15319	8.6138e-11	8.2852	0	0.005299	0.025999	0.00046146	6.2272e-23	0.0057358	0.16631	5.3948e-22	3.2039e-06	0.14537	1.3361e-37	0.0015694	6.8937	0.98903	0.0057746	2.0439	0.00024079	0.39692	1.7115	0.00023768	2.103	3.1571e-321	1.9474e-05	1.6177e-06	1.6225	0.0013535	7.3315e-20
6.8235	0.040116	60.938	0.00026869	0.43689	0.0010011	1.6583e-13	0.14852	8.3513e-11	7.9566	0	0.0054641	0.025787	0.00045486	3.4763e-23	0.0058376	0.16088	5.4896e-22	3.0963e-06	0.14668	3.3465e-37	0.001597	6.8739	0.99401	0.0052416	2.0785	0.00024373	0.39426	1.7003	0.00024214	2.1175	3.2164e-321	1.7436e-05	3.6887e-06	1.657	0.0013695	7.4191e-20
6.9412	0.039891	60.568	0.00026792	0.42341	0.00095905	9.8511e-14	0.144	8.0976e-11	7.635	0	0.0056521	0.02558	0.00044832	1.9406e-23	0.0059402	0.15537	5.5843e-22	2.9931e-06	0.14797	8.2149e-37	0.0016246	6.8547	0.99882	0.0047532	2.1129	0.00024079	0.39175	1.7098	0.00023975	2.1124	3.2806e-321	1.5673e-05	3.7238e-06	1.6916	0.0013852	7.5045e-20
7.0588	0.039683	60.233	0.00026713	0.41046	0.00091636	5.8521e-14	0.13964	7.8524e-11	7.3205	0	0.0058631	0.02538	0.00044186	1.0833e-23	0.0060435	0.14979	5.6789e-22	2.8943e-06	0.14922	1.9752e-36	0.0016521	6.8359	1.0035	0.0043069	2.1473	0.00024373	0.3894	1.7011	0.00024342	2.1248	3.3399e-321	1.4152e-05	5.0214e-06	1.7263	0.0014004	7.5876e-20
7.1765	0.039491	59.927	0.00026632	0.39801	0.00087101	3.4765e-14	0.13543	7.6157e-11	7.0128	0	0.0060973	0.025187	0.0004355	6.0474e-24	0.0061474	0.14415	5.7735e-22	2.7999e-06	0.15045	4.6486e-36	0.0016797	6.8175	1.008	0.0038999	2.1816	0.00024079	0.38719	1.7122	0.00024068	2.1188	3.4041e-321	1.2842e-05	6.1979e-06	1.7613	0.0014152	7.6686e-20
7.2941	0.039312	59.645	0.0002655	0.38604	0.00082382	2.0652e-14	0.13137	7.3872e-11	6.712	0	0.0063548	0.024999	0.00042927	3.3759e-24	0.0062519	0.13848	5.8681e-22	2.7097e-06	0.15166	1.0702e-35	0.0017073	6.7997	1.0123	0.0035296	2.2158	0.00024373	0.3851	1.7045	0.00024422	2.1311	3.4634e-321	1.1716e-05	7.7131e-06	1.7965	0.0014297	7.7473e-20
7.4118	0.039145	59.381	0.00026467	0.37451	0.00077465	1.2268e-14	0.12744	7.1667e-11	6.4179	0	0.0066354	0.024817	0.00042317	1.8846e-24	0.0063569	0.1328	5.9625e-22	2.6237e-06	0.15284	2.4081e-35	0.0017348	6.7822	1.0166	0.0031933	2.2499	0.00024079	0.38312	1.7164	0.00024143	2.1252	3.5177e-321	1.0752e-05	9.6558e-06	1.8318	0.0014438	7.8238e-20
7.5294	0.038988	59.134	0.00026382	0.3634	0.00072371	7.2881e-15	0.12366	6.9541e-11	6.1305	0	0.0069389	0.024641	0.00041724	1.052e-24	0.0064622	0.12711	6.0569e-22	2.5417e-06	0.15399	5.2923e-35	0.0017623	6.7653	1.0207	0.0028885	2.2839	0.00024373	0.38124	1.7093	0.000245	2.1378	3.577e-321	9.9273e-06	1.2257e-05	1.8673	0.0014575	7.898e-20
7.6471	0.03884	58.899	0.00026297	0.35268	0.00067119	4.3295e-15	0.12002	6.7492e-11	5.8495	0	0.0072651	0.02447	0.00041148	5.8729e-25	0.0065678	0.12143	6.1513e-22	2.4636e-06	0.15513	1.1351e-34	0.0017898	6.7487	1.0247	0.0026127	2.3179	0.00024079	0.37945	1.7217	0.00024223	2.1323	3.6413e-321	9.2242e-06	1.5852e-05	1.9029	0.0014707	7.97e-20
7.7647	0.0387	58.674	0.0002621	0.34233	0.00061738	2.572e-15	0.11651	6.5518e-11	5.5749	0	0.0076134	0.024304	0.00040591	3.2785e-25	0.0066736	0.11579	6.2455e-22	2.3894e-06	0.15625	2.3741e-34	0.0018173	6.7326	1.0286	0.0023636	2.3517	0.00024373	0.37774	1.7151	0.00024586	2.1454	3.7006e-321	8.6262e-06	2.0922e-05	1.9388	0.0014836	8.0396e-20
7.8824	0.038565	58.458	0.00026122	0.33233	0.0005627	1.5279e-15	0.11313	6.3617e-11	5.3065	0	0.007983	0.024143	0.00040053	1.8302e-25	0.0067794	0.11019	6.3397e-22	2.3189e-06	0.15734	4.838e-34	0.0018448	6.7169	1.0324	0.002139	2.3855	0.00024079	0.37609	1.7279	0.00024313	2.1403	3.7648e-321	8.1188e-06	2.8117e-05	1.9747	0.0014961	8.1069e-20
8	0.038436	58.249	0.00026034	0.32267	0.00050769	9.0765e-16	0.10987	6.1787e-11	5.0442	0	0.0083728	0.023986	0.00039537	1.0217e-25	0.0068851	0.10466	6.4338e-22	2.2518e-06	0.15842	9.598e-34	0.0018722	6.7017	1.0361	0.0019367	2.4191	0.00024373	0.3745	1.7217	0.00024682	2.1539	3.8241e-321	7.6893e-06	3.8286e-05	2.0109	0.0015082	8.172e-20
8.1176	0.038312	58.045	0.00025945	0.31332	0.00045305	5.3919e-16	0.10674	6.0027e-11	4.7879	0	0.0087818	0.023834	0.00039042	5.7033e-26	0.0069907	0.099196	6.5278e-22	2.1882e-06	0.15948	1.8522e-33	0.0018996	6.6869	1.0398	0.0017546	2.4526	0.00024079	0.37296	1.7349	0.00024413	2.1492	3.8784e-321	7.3265e-06	5.247e-05	2.0472	0.0015199	8.2347e-20
8.2353	0.03819	57.845	0.00025854	0.30427	0.00039955	3.2031e-16	0.10373	5.8333e-11	4.5374	0	0.0092085	0.023686	0.0003857	3.1838e-26	0.0070961	0.093823	6.6217e-22	2.1278e-06	0.16053	3.4743e-33	0.001927	6.6725	1.0433	0.001591	2.486	0.00024373	0.37147	1.7289	0.00024789	2.1633	3.9377e-321	7.0206e-06	7.1866e-05	2.0837	0.0015312	8.295e-20
8.3529	0.038071	57.648	0.00025764	0.29551	0.000348	1.9028e-16	0.10083	5.6705e-11	4.2926	0	0.009651	0.023542	0.00038122	1.7773e-26	0.007201	0.088552	6.7154e-22	2.0706e-06	0.16157	6.3299e-33	0.0019543	6.6585	1.0468	0.0014441	2.5194	0.00024079	0.37001	1.7425	0.00024522	2.1589	4.0019e-321	6.7629e-06	9.7755e-05	2.1203	0.0015421	8.3531e-20
8.4706	0.037954	57.453	0.00025672	0.28702	0.00029917	1.1304e-16	0.098052	5.514e-11	4.0535	0	0.010108	0.023402	0.00037697	9.9218e-27	0.0073055	0.083392	6.8091e-22	2.0163e-06	0.16259	1.1195e-32	0.0019817	6.6449	1.0503	0.0013122	2.5526	0.00024373	0.36858	1.7368	0.00024903	2.1734	4.0612e-321	6.546e-06	0.00013139	2.157	0.0015526	8.4088e-20
8.5882	0.037838	57.26	0.0002558	0.27879	0.00025371	6.7151e-17	0.09538	5.3637e-11	3.8199	0	0.010577	0.023265	0.00037296	5.5387e-27	0.0074095	0.078356	6.9027e-22	1.9648e-06	0.1636	1.9211e-32	0.002009	6.6317	1.0536	0.0011938	2.5856	0.00024079	0.36717	1.7508	0.00024639	2.1692	4.1156e-321	6.3631e-06	0.00017388	2.1939	0.0015627	8.4622e-20
8.7059	0.037722	57.067	0.00025487	0.27081	0.0002121	3.9891e-17	0.092813	5.2194e-11	3.592	0	0.011055	0.023132	0.00036919	3.0919e-27	0.0075127	0.073452	6.9961e-22	1.9161e-06	0.1646	3.1981e-32	0.0020362	6.619	1.057	0.0010877	2.6186	0.00024373	0.36578	1.7453	0.00025025	2.1841	4.1749e-321	6.2085e-06	0.00022611	2.231	0.0015723	8.5132e-20
8.8235	0.037606	56.875	0.00025394	0.26307	0.00017464	2.3697e-17	0.090349	5.0808e-11	3.3698	0	0.011542	0.023001	0.00036566	1.726e-27	0.0076152	0.06869	7.0895e-22	1.87e-06	0.16559	5.1645e-32	0.0020634	6.6066	1.0602	0.00099241	2.6515	0.00024079	0.3644	1.7596	0.00024761	2.1802	4.2292e-321	6.0772e-06	0.00028871	2.2681	0.0015816	8.5618e-20
8.9412	0.037489	56.683	0.00025301	0.25556	0.00014152	1.4078e-17	0.087985	4.9479e-11	3.1534	0	0.012035	0.022874	0.00036238	9.6354e-28	0.0077168	0.064078	7.1827e-22	1.8264e-06	0.16658	8.0929e-32	0.0020906	6.5947	1.0634	0.00090692	2.6842	0.00024373	0.36304	1.7544	0.00025149	2.1952	4.2885e-321	5.9647e-06	0.00036198	2.3054	0.0015905	8.6082e-20
9.0588	0.03737	56.49	0.00025206	0.24827	0.00011277	8.3628e-18	0.085718	4.8203e-11	2.943	0	0.012532	0.022749	0.00035935	5.3788e-28	0.0078174	0.059623	7.2757e-22	1.7852e-06	0.16756	1.2313e-31	0.0021178	6.5831	1.0666	0.00083016	2.7168	0.00024079	0.36168	1.7691	0.00024882	2.1913	4.3428e-321	5.8673e-06	0.00044593	2.3429	0.001599	8.6521e-20
9.1765	0.03725	56.296	0.00025112	0.2412	8.8262e-05	4.968e-18	0.083543	4.698e-11	2.7388	0	0.013031	0.022627	0.00035655	3.0027e-28	0.0079169	0.055331	7.3687e-22	1.7464e-06	0.16853	1.8201e-31	0.0021449	6.5719	1.0697	0.00076117	2.7492	0.00024373	0.36032	1.7643	0.00025267	2.2063	4.3972e-321	5.7817e-06	0.0005402	2.3805	0.0016071	8.6938e-20
9.2941	0.037128	56.101	0.00025017	0.23433	6.7728e-05	2.9512e-18	0.081459	4.5808e-11	2.541	0	0.013531	0.022508	0.00035399	1.6762e-28	0.0080153	0.051208	7.4615e-22	1.7098e-06	0.1695	2.6169e-31	0.002172	6.5611	1.0728	0.00069911	2.7816	0.00024079	0.35896	1.7798	0.00024983	2.202	4.4565e-321	5.7049e-06	0.00064414	2.4182	0.0016147	8.733e-20
9.4118	0.037003	55.903	0.00024922	0.22766	5.0938e-05	1.7532e-18	0.079461	4.4684e-11	2.3501	0	0.014031	0.02239	0.00035167	9.3572e-29	0.0081124	0.047259	7.5541e-22	1.6756e-06	0.17047	3.6636e-31	0.002199	6.5507	1.0759	0.00064322	2.8138	0.00024373	0.35761	1.776	0.00025334	2.2161	4.5059e-321	5.6345e-06	0.00075685	2.456	0.001622	8.77e-20
9.5294	0.036875	55.705	0.00024826	0.22118	3.7984e-05	1.0415e-18	0.077548	4.3608e-11	2.1663	0	0.01453	0.022275	0.00034958	5.2236e-29	0.0082082	0.043487	7.6466e-22	1.6434e-06	0.17143	5.0004e-31	0.002226	6.5407	1.0789	0.00059281	2.8459	0.00024079	0.35624	1.7935	0.00024974	2.2097	4.5602e-321	5.5686e-06	0.00087755	2.4939	0.0016289	8.8046e-20
9.6471	0.036743	55.504	0.0002473	0.21489	2.2373e-05	6.187e-19	0.075715	4.2577e-11	1.9899	0	0.015026	0.022162	0.00034771	2.916e-29	0.0083025	0.039895	7.739e-22	1.6135e-06	0.17239	6.663e-31	0.002253	6.531	1.0819	0.00054727	2.8778	0.00024373	0.35488	1.7931	0.0002517	2.22	4.6146e-321	5.5052e-06	0.00099869	2.532	0.0016354	8.8369e-20
9.7647	0.036609	55.3	0.00024634	0.20878	2.8034e-05	3.6754e-19	0.07396	4.159e-11	1.8214	0	0.01552	0.02205	0.00034607	1.6278e-29	0.0083953	0.036484	7.8312e-22	1.5856e-06	0.17335	8.6806e-31	0.0022799	6.5216	1.0849	0.00050605	2.9096	0.0002467	0.35351	1.7928	0.00025363	2.2304	4.6689e-321	5.4431e-06	0.0011604	2.5701	0.0016415	8.8668e-20
9.8824	0.03647	55.094	0.00024538	0.20284	1.2733e-05	2.1834e-19	0.072281	4.0645e-11	1.6611	0	0.016009	0.021941	0.00034464	9.0871e-30	0.0084865	0.033257	7.9232e-22	1.5599e-06	0.17431	1.1075e-30	0.0023067	6.5126	1.0878	0.00046867	2.9413	0.00024373	0.35213	1.8106	0.00025006	2.2241	4.7233e-321	5.3809e-06	0.001262	2.6084	0.0016472	8.8945e-20
10	0.036328	54.886	0.00024442	0.19707	1.1172e-05	1.2971e-19	0.070673	3.974e-11	1.5091	0	0.016496	0.021833	0.00034342	5.0728e-30	0.0085761	0.030212	8.0151e-22	1.5362e-06	0.17527	1.3857e-30	0.0023336	6.504	1.0907	0.0004347	2.9728	0.0002467	0.35074	1.8072	0.00025358	2.2386	4.7727e-321	5.3178e-06	0.0014356	2.6468	0.0016525	8.9198e-20
10.118	0.036182	54.675	0.00024345	0.19147	6.6796e-06	7.7053e-20	0.069135	3.8875e-11	1.3658	0	0.016978	0.021726	0.00034241	2.8318e-30	0.0086639	0.027351	8.1068e-22	1.5145e-06	0.17624	1.703e-30	0.0023603	6.4957	1.0935	0.00040376	3.0041	0.00024373	0.34934	1.8236	0.00025072	2.2343	4.827e-321	5.2531e-06	0.0015788	2.6852	0.0016574	8.9429e-20
10.235	0.036032	54.462	0.00024249	0.18602	3.9936e-06	4.5773e-20	0.067664	3.8047e-11	1.2313	0	0.017455	0.021621	0.0003416	1.5808e-30	0.0087499	0.02467	8.1983e-22	1.4947e-06	0.1772	2.0584e-30	0.0023871	6.4877	1.0964	0.00037552	3.0354	0.0002467	0.34794	1.8196	0.00025455	2.2498	4.8764e-321	5.1863e-06	0.0017332	2.7238	0.001662	8.9636e-20
10.353	0.035879	54.246	0.00024152	0.18073	2.3877e-06	2.7192e-20	0.066257	3.7256e-11	1.1056	0	0.017928	0.021517	0.00034097	8.8248e-31	0.008834	0.022167	8.2896e-22	1.4769e-06	0.17817	2.4501e-30	0.0024137	6.48	1.0992	0.00034968	3.0665	0.00024373	0.34652	1.8361	0.00025169	2.2456	4.9308e-321	5.1169e-06	0.0018926	2.7625	0.0016661	8.9821e-20
10.471	0.035722	54.028	0.00024056	0.17558	1.4275e-06	1.6153e-20	0.064912	3.6499e-11	0.98886	0	0.018396	0.021414	0.00034053	4.9264e-31	0.0089162	0.01984	8.3808e-22	1.4609e-06	0.17914	2.8759e-30	0.0024404	6.4726	1.102	0.00032597	3.0974	0.0002467	0.3451	1.8329	0.00025526	2.2603	4.9802e-321	5.045e-06	0.0020563	2.8012	0.0016699	8.9984e-20
10.588	0.035561	53.807	0.00023959	0.17059	8.535e-07	9.596e-21	0.063626	3.5775e-11	0.88085	0	0.018859	0.021313	0.00034027	2.7501e-31	0.0089964	0.017685	8.4718e-22	1.4468e-06	0.18011	3.3331e-30	0.0024669	6.4656	1.1048	0.00030418	3.1282	0.00024373	0.34367	1.8513	0.00025166	2.2542	5.0345e-321	4.9703e-06	0.0022237	2.8401	0.0016733	9.0124e-20
10.706	0.035397	53.584	0.00023863	0.16573	5.1029e-07	5.7006e-21	0.062397	3.5083e-11	0.78144	0	0.019316	0.021212	0.00034017	1.5352e-31	0.0090746	0.015696	8.5626e-22	1.4344e-06	0.18109	3.8195e-30	0.0024934	6.4588	1.1075	0.0002841	3.1588	0.0002467	0.34222	1.8513	0.00025368	2.265	5.0839e-321	4.893e-06	0.0023942	2.879	0.0016763	9.0241e-20
10.824	0.035229	53.359	0.00023766	0.16101	3.0509e-07	3.3864e-21	0.061222	3.4422e-11	0.69038	0	0.019768	0.021113	0.00034024	8.5701e-32	0.0091507	0.01387	8.6532e-22	1.4237e-06	0.18207	4.3326e-30	0.0025199	6.4523	1.1102	0.00026556	3.1893	0.0002497	0.34077	1.8514	0.00025567	2.276	5.1383e-321	4.8132e-06	0.0025669	2.918	0.0016789	9.0337e-20
10.941	0.035059	53.132	0.0002367	0.15643	1.8241e-07	2.0117e-21	0.060099	3.3791e-11	0.60738	0	0.020214	0.021014	0.00034047	4.7841e-32	0.0092248	0.012199	8.7436e-22	1.4145e-06	0.18306	4.871e-30	0.0025463	6.4461	1.1129	0.00024839	3.2196	0.0002467	0.33931	1.87	0.0002521	2.2698	5.1877e-321	4.7311e-06	0.0027408	2.9571	0.0016812	9.0411e-20
11.059	0.034885	52.903	0.00023574	0.15197	1.0906e-07	1.1951e-21	0.059027	3.3187e-11	0.53208	0	0.020654	0.020916	0.00034084	2.6707e-32	0.0092967	0.010678	8.8338e-22	1.4069e-06	0.18405	5.4334e-30	0.0025726	6.4401	1.1156	0.00023247	3.2497	0.0002497	0.33784	1.8668	0.00025569	2.285	5.2371e-321	4.647e-06	0.0029143	2.9963	0.0016831	9.0463e-20
11.176	0.034709	52.673	0.00023479	0.14764	6.5203e-08	7.0994e-22	0.058002	3.2611e-11	0.46411	0	0.021088	0.020819	0.00034136	1.4909e-32	0.0093665	0.0093	8.9237e-22	1.4007e-06	0.18504	6.0196e-30	0.0025989	6.4344	1.1183	0.00021769	3.2797	0.0002467	0.33635	1.8839	0.00025283	2.2808	5.2816e-321	4.5612e-06	0.0030857	3.0356	0.0016847	9.0493e-20
11.294	0.034531	52.441	0.00023383	0.14343	3.8983e-08	4.2174e-22	0.057023	3.206e-11	0.40306	0	0.021516	0.020723	0.00034201	8.3227e-33	0.0094342	0.008058	9.0135e-22	1.3958e-06	0.18604	6.6297e-30	0.0026251	6.429	1.1209	0.00020392	3.3096	0.0002497	0.33486	1.8801	0.00025673	2.2969	5.3359e-321	4.4739e-06	0.0032527	3.0749	0.0016859	9.0502e-20
11.412	0.03435	52.208	0.00023288	0.13934	2.3307e-08	2.5054e-22	0.056089	3.1534e-11	0.34849	0	0.021938	0.020628	0.00034278	4.646e-33	0.0094999	0.0069447	9.103e-22	1.3922e-06	0.18704	7.2645e-30	0.0026513	6.4238	1.1235	0.00019109	3.3392	0.0002467	0.33336	1.8973	0.00025385	2.2928	5.3853e-321	4.3855e-06	0.0034128	3.1142	0.0016867	9.049e-20
11.529	0.034167	51.973	0.00023193	0.13537	1.3935e-08	1.4883e-22	0.055196	3.1031e-11	0.29997	0	0.022354	0.020533	0.00034368	2.5936e-33	0.0095634	0.0059522	9.1923e-22	1.3898e-06	0.18805	7.9252e-30	0.0026774	6.4188	1.1261	0.0001791	3.3687	0.0002497	0.33186	1.8942	0.00025748	2.3081	5.4347e-321	4.2962e-06	0.0035628	3.1537	0.0016872	9.0458e-20
11.647	0.033982	51.738	0.00023099	0.13151	8.3314e-09	8.8415e-23	0.054343	3.0552e-11	0.25706	0	0.022763	0.020439	0.0003447	1.4478e-33	0.009625	0.0050729	9.2814e-22	1.3885e-06	0.18906	8.6133e-30	0.0027034	6.4141	1.1287	0.0001679	3.3981	0.0002467	0.33034	1.9133	0.00025385	2.3018	5.4792e-321	4.2065e-06	0.0036991	3.1932	0.0016873	9.0404e-20
11.765	0.033795	51.501	0.00023005	0.12776	4.9811e-09	5.2523e-23	0.053529	3.0093e-11	0.21933	0	0.023167	0.020346	0.00034582	8.0824e-34	0.0096846	0.0042987	9.3702e-22	1.3882e-06	0.19008	9.3305e-30	0.0027293	6.4096	1.1313	0.00015742	3.4272	0.0002497	0.32882	1.9135	0.00025589	2.313	5.5286e-321	4.1165e-06	0.0038173	3.2327	0.0016871	9.033e-20
11.882	0.033607	51.264	0.00022911	0.12411	2.9781e-09	3.1202e-23	0.052751	2.9656e-11	0.18634	0	0.023565	0.020253	0.00034704	4.5119e-34	0.0097423	0.0036215	9.4588e-22	1.3887e-06	0.1911	1.0078e-29	0.0027552	6.4053	1.1338	0.0001476	3.4562	0.00025275	0.32729	1.9138	0.0002579	2.3243	5.5731e-321	4.0265e-06	0.0039131	3.2724	0.0016866	9.0236e-20
12	0.033417	51.026	0.00022818	0.12057	1.7805e-09	1.8535e-23	0.052008	2.9238e-11	0.15769	0	0.023957	0.020161	0.00034836	2.5187e-34	0.0097982	0.0030334	9.5471e-22	1.3902e-06	0.19212	1.0859e-29	0.002781	6.4012	1.1363	0.00013839	3.485	0.0002497	0.32575	1.9332	0.00025425	2.3178	5.6175e-321	3.9368e-06	0.0040116	3.312	0.0016857	9.0122e-20
12.118	0.033226	50.788	0.00022726	0.11713	1.0646e-09	1.1011e-23	0.051299	2.8839e-11	0.13295	0	0.024345	0.020069	0.00034978	1.4061e-34	0.0098524	0.0025262	9.6352e-22	1.3924e-06	0.19315	1.1674e-29	0.0028067	6.3973	1.1388	0.00012975	3.5137	0.00025275	0.3242	1.9304	0.00025779	2.333	5.662e-321	3.8475e-06	0.0041257	3.3516	0.0016845	8.9988e-20
12.235	0.033034	50.549	0.00022634	0.11379	6.3647e-10	6.5412e-24	0.050622	2.8458e-11	0.11174	0	0.024728	0.019978	0.00035127	7.8491e-35	0.0099051	0.0020921	9.723e-22	1.3953e-06	0.19418	1.2525e-29	0.0028324	6.3936	1.1413	0.00012163	3.5422	0.0002497	0.32264	1.9486	0.00025472	2.3281	5.7114e-321	3.759e-06	0.0041805	3.3913	0.001683	8.9835e-20
12.353	0.032841	50.31	0.00022542	0.11054	3.8053e-10	3.8858e-24	0.049976	2.8094e-11	0.093666	0	0.025107	0.019888	0.00035285	4.3817e-35	0.0099562	0.0017233	9.8106e-22	1.3989e-06	0.19521	1.3413e-29	0.002858	6.39	1.1437	0.00011401	3.5705	0.00025275	0.32108	1.9457	0.00025828	2.3433	5.7559e-321	3.6714e-06	0.0042267	3.431	0.0016811	8.9662e-20
12.471	0.032647	50.07	0.00022451	0.10738	2.2751e-10	2.3084e-24	0.049358	2.7746e-11	0.078375	0	0.025483	0.019798	0.0003545	2.446e-35	0.010006	0.0014123	9.8979e-22	1.403e-06	0.19625	1.4341e-29	0.0028835	6.3867	1.1461	0.00010684	3.5986	0.0002497	0.31952	1.9655	0.00025459	2.3367	5.8003e-321	3.5848e-06	0.0042655	3.4707	0.0016789	8.9471e-20
12.588	0.032452	49.83	0.0002236	0.10432	1.3602e-10	1.3713e-24	0.048768	2.7414e-11	0.065523	0	0.025855	0.019709	0.00035622	1.3655e-35	0.010055	0.001152	9.985e-22	1.4076e-06	0.19729	1.5309e-29	0.0029089	6.3835	1.1486	0.00010011	3.6265	0.00025275	0.31794	1.9658	0.00025662	2.348	5.8448e-321	3.4994e-06	0.0042685	3.5104	0.0016764	8.9261e-20
12.706	0.032256	49.59	0.00022271	0.10134	8.1326e-11	8.1463e-25	0.048205	2.7097e-11	0.05479	0	0.026225	0.01962	0.000358	7.6226e-36	0.010102	0.00093573	1.0072e-21	1.4126e-06	0.19833	1.6319e-29	0.0029343	6.3805	1.1509	9.3772e-05	3.6543	0.00025583	0.31636	1.9662	0.00025861	2.3594	5.8893e-321	3.4153e-06	0.0043297	3.55	0.0016736	8.9033e-20
12.824	0.032059	49.35	0.00022182	0.098443	4.8623e-11	4.8393e-25	0.047667	2.6795e-11	0.045881	0	0.026593	0.019532	0.00035985	4.2552e-36	0.010148	0.00075729	1.0158e-21	1.418e-06	0.19938	1.7373e-29	0.0029596	6.3776	1.1533	8.7816e-05	3.6819	0.00025275	0.31477	1.986	0.00025494	2.3526	5.9337e-321	3.3326e-06	0.0043282	3.5896	0.0016706	8.8787e-20
12.941	0.031862	49.11	0.00022093	0.09563	2.9071e-11	2.8748e-25	0.047153	2.6505e-11	0.038528	0	0.02696	0.019444	0.00036175	2.3754e-36	0.010194	0.00061099	1.0245e-21	1.4238e-06	0.20043	1.8472e-29	0.0029848	6.3749	1.1557	8.2215e-05	3.7093	0.00025583	0.31318	1.9831	0.00025849	2.3681	5.9831e-321	3.2515e-06	0.0043212	3.6292	0.0016672	8.8523e-20
13.059	0.031664	48.87	0.00022005	0.092898	1.7381e-11	1.7078e-25	0.046662	2.6229e-11	0.03249	0	0.027326	0.019357	0.0003637	1.3261e-36	0.010239	0.00049177	1.033e-21	1.4298e-06	0.20148	1.9616e-29	0.0030099	6.3723	1.158	7.6949e-05	3.7366	0.00025275	0.31158	2.0017	0.0002554	2.3629	6.0276e-321	3.1719e-06	0.0044056	3.6686	0.0016635	8.8241e-20
13.176	0.031466	48.63	0.00021918	0.090244	1.0392e-11	1.0145e-25	0.046193	2.5965e-11	0.027553	0	0.027691	0.019271	0.0003657	7.4025e-37	0.010283	0.00039512	1.0416e-21	1.4361e-06	0.20253	2.0809e-29	0.0030349	6.3699	1.1603	7.1998e-05	3.7636	0.00025583	0.30997	1.9988	0.00025896	2.3784	6.0721e-321	3.094e-06	0.004314	3.7081	0.0016595	8.7943e-20
13.294	0.031267	48.39	0.00021832	0.087666	6.2129e-12	6.0268e-26	0.045745	2.5713e-11	0.023532	0	0.028056	0.019185	0.00036775	4.1324e-37	0.010327	0.00031716	1.0502e-21	1.4426e-06	0.20358	2.205e-29	0.0030598	6.3676	1.1626	6.7344e-05	3.7905	0.00025275	0.30836	2.0189	0.00025524	2.3715	6.1165e-321	3.0178e-06	0.0044093	3.7474	0.0016553	8.7627e-20
13.412	0.031068	48.15	0.00021746	0.085161	3.7145e-12	3.5803e-26	0.045317	2.5472e-11	0.020267	0	0.028421	0.019099	0.00036983	2.3069e-37	0.01037	0.00025453	1.0587e-21	1.4493e-06	0.20464	2.3341e-29	0.0030847	6.3654	1.1648	6.2971e-05	3.8172	0.00025583	0.30674	2.0192	0.00025727	2.3828	6.161e-321	2.9434e-06	0.0043155	3.7867	0.0016507	8.7296e-20
13.529	0.030869	47.911	0.00021661	0.082727	2.2208e-12	2.1269e-26	0.044908	2.5242e-11	0.017622	0	0.028787	0.019014	0.00037196	1.2878e-37	0.010412	0.00020441	1.0671e-21	1.4561e-06	0.20569	2.4683e-29	0.0031095	6.3634	1.1671	5.8862e-05	3.8437	0.00025895	0.30512	2.0195	0.00025926	2.3943	6.2005e-321	2.8707e-06	0.0044215	3.8258	0.0016459	8.6948e-20
13.647	0.03067	47.672	0.00021577	0.080363	1.3278e-12	1.2635e-26	0.044517	2.5022e-11	0.015483	0	0.029153	0.01893	0.00037411	7.1888e-38	0.010454	0.00016441	1.0756e-21	1.4631e-06	0.20675	2.6077e-29	0.0031341	6.3615	1.1693	5.5002e-05	3.8701	0.00025583	0.3035	2.0397	0.00025555	2.3872	6.2499e-321	2.7997e-06	0.0043227	3.865	0.0016409	8.6584e-20
13.765	0.03047	47.433	0.00021494	0.078066	7.9386e-13	7.5057e-27	0.044143	2.4811e-11	0.013753	0	0.029519	0.018846	0.0003763	4.0131e-38	0.010496	0.00013259	1.084e-21	1.4701e-06	0.20781	2.7525e-29	0.0031587	6.3597	1.1715	5.1378e-05	3.8962	0.00025895	0.30187	2.0367	0.00025911	2.4029	6.2895e-321	2.7306e-06	0.0044367	3.9038	0.0016356	8.6205e-20
13.882	0.030271	47.195	0.00021412	0.075836	4.7463e-13	4.4588e-27	0.043785	2.461e-11	0.012355	0	0.029886	0.018763	0.00037852	2.2403e-38	0.010537	0.00010732	1.0924e-21	1.4772e-06	0.20886	2.9028e-29	0.0031832	6.358	1.1737	4.7977e-05	3.9222	0.00025583	0.30023	2.0556	0.00025598	2.3974	6.3339e-321	2.6632e-06	0.0043241	3.9427	0.00163	8.5811e-20
14	0.030071	46.957	0.0002133	0.073668	2.8377e-13	2.6488e-27	0.043444	2.4418e-11	0.011223	0	0.030253	0.01868	0.00038076	1.2506e-38	0.010579	8.7296e-05	1.1007e-21	1.4844e-06	0.20992	3.0586e-29	0.0032076	6.3564	1.1758	4.4786e-05	3.9479	0.00025895	0.29859	2.0525	0.00025954	2.413	6.3784e-321	2.5976e-06	0.0044429	3.9813	0.0016242	8.5401e-20
14.118	0.029871	46.719	0.0002125	0.071563	1.6966e-13	1.5735e-27	0.043117	2.4234e-11	0.010306	0	0.030621	0.018598	0.00038303	6.9813e-39	0.010619	7.1454e-05	1.109e-21	1.4916e-06	0.21098	3.2202e-29	0.0032319	6.3549	1.178	4.1792e-05	3.9735	0.00025583	0.29695	2.073	0.00025579	2.4058	6.4179e-321	2.5337e-06	0.0042693	4.0201	0.0016181	8.4978e-20
14.235	0.029671	46.483	0.0002117	0.069518	1.0144e-13	9.3475e-28	0.042805	2.4058e-11	0.0095597	0	0.030989	0.018517	0.00038532	3.8972e-39	0.01066	5.8936e-05	1.1173e-21	1.4989e-06	0.21203	3.3876e-29	0.0032561	6.3535	1.1801	3.8986e-05	3.9989	0.00025895	0.2953	2.0732	0.0002578	2.4172	6.4574e-321	2.4715e-06	0.0044189	4.0584	0.0016118	8.454e-20
14.353	0.029471	46.246	0.00021091	0.067532	6.0646e-14	5.5529e-28	0.042506	2.389e-11	0.0089505	0	0.031358	0.018436	0.00038762	2.1756e-39	0.0107	4.9054e-05	1.1256e-21	1.5062e-06	0.21309	3.5609e-29	0.0032802	6.3522	1.1822	3.6356e-05	4.0241	0.00026211	0.29365	2.0734	0.00025978	2.4287	6.497e-321	2.411e-06	0.0044023	4.0967	0.0016053	8.4089e-20
14.471	0.029272	46.01	0.00021013	0.065602	3.6259e-14	3.2987e-28	0.04222	2.3729e-11	0.0084503	0	0.031726	0.018355	0.00038994	1.2145e-39	0.01074	4.1259e-05	1.1338e-21	1.5135e-06	0.21415	3.7403e-29	0.0033042	6.351	1.1843	3.3892e-05	4.0492	0.00025895	0.29199	2.0939	0.00025604	2.4212	6.5414e-321	2.3522e-06	0.0044032	4.1349	0.0015985	8.3624e-20
14.588	0.029072	45.775	0.00020936	0.063728	2.1679e-14	1.9596e-28	0.041946	2.3575e-11	0.0080369	0	0.032095	0.018275	0.00039228	6.7798e-40	0.010779	3.5114e-05	1.142e-21	1.5209e-06	0.2152	3.9258e-29	0.0033281	6.3499	1.1863	3.1584e-05	4.074	0.00026211	0.29033	2.0907	0.00025958	2.4369	6.5859e-321	2.2949e-06	0.0044218	4.1729	0.0015915	8.3145e-20
14.706	0.028873	45.54	0.00020859	0.061907	1.2961e-14	1.1641e-28	0.041685	2.3428e-11	0.0076925	0	0.032463	0.018196	0.00039463	3.7848e-40	0.010818	3.0271e-05	1.1501e-21	1.5282e-06	0.21625	4.1174e-29	0.0033519	6.3488	1.1884	2.9424e-05	4.0987	0.00025895	0.28867	2.1099	0.00025642	2.4311	6.6254e-321	2.2392e-06	0.0042752	4.2109	0.0015843	8.2655e-20
14.824	0.028674	45.306	0.00020784	0.060139	7.7492e-15	6.9155e-29	0.041434	2.3287e-11	0.0074027	0	0.032831	0.018117	0.00039699	2.1128e-40	0.010857	2.6452e-05	1.1582e-21	1.5356e-06	0.21731	4.3154e-29	0.0033756	6.3479	1.1904	2.7403e-05	4.1232	0.00026211	0.287	2.1066	0.00025996	2.4467	6.6699e-321	2.185e-06	0.0044489	4.2484	0.0015769	8.2151e-20
14.941	0.028475	45.073	0.0002071	0.058421	4.6331e-15	4.1082e-29	0.041195	2.3152e-11	0.0071562	0	0.033198	0.018039	0.00039936	1.1794e-40	0.010895	2.344e-05	1.1663e-21	1.543e-06	0.21836	4.5198e-29	0.0033991	6.347	1.1924	2.5513e-05	4.1475	0.00025895	0.28534	2.1274	0.00025614	2.4389	6.7094e-321	2.1323e-06	0.0044582	4.286	0.0015693	8.1636e-20
15.059	0.028277	44.841	0.00020636	0.056753	2.77e-15	2.4405e-29	0.040965	2.3023e-11	0.006944	0	0.033565	0.017961	0.00040174	6.5841e-41	0.010933	2.1062e-05	1.1743e-21	1.5503e-06	0.21941	4.7306e-29	0.0034226	6.3462	1.1943	2.3746e-05	4.1716	0.00026211	0.28367	2.1276	0.00025809	2.45	6.7539e-321	2.0811e-06	0.0043501	4.3235	0.0015615	8.1109e-20
15.176	0.028078	44.609	0.00020564	0.055132	1.6561e-15	1.4498e-29	0.040745	2.29e-11	0.0067589	0	0.033932	0.017883	0.00040412	3.6755e-41	0.010971	1.9181e-05	1.1823e-21	1.5577e-06	0.22046	4.948e-29	0.003446	6.3455	1.1963	2.2095e-05	4.1955	0.0002653	0.28199	2.128	0.00025996	2.4611	6.7885e-321	2.0312e-06	0.0043477	4.3608	0.0015535	8.0571e-20
15.294	0.027881	44.378	0.00020492	0.053558	9.9016e-16	8.6125e-30	0.040535	2.2781e-11	0.0065953	0	0.034297	0.017807	0.00040651	2.0518e-41	0.011008	1.769e-05	1.1903e-21	1.565e-06	0.2215	5.1719e-29	0.0034692	6.3448	1.1982	2.0552e-05	4.2192	0.00026211	0.28032	2.1493	0.00025599	2.4524	6.828e-321	1.9827e-06	0.0044499	4.3978	0.0015453	8.0022e-20
15.412	0.027683	44.148	0.00020422	0.052029	5.92e-16	5.1163e-30	0.040334	2.2668e-11	0.0064485	0	0.034661	0.01773	0.00040891	1.1454e-41	0.011045	1.6503e-05	1.1982e-21	1.5724e-06	0.22255	5.4025e-29	0.0034924	6.3442	1.2001	1.9112e-05	4.2427	0.0002653	0.27864	2.1469	0.00025913	2.4668	6.8675e-321	1.9356e-06	0.004435	4.4347	0.0015369	7.9462e-20
15.529	0.027486	43.919	0.00020352	0.050544	3.5394e-16	3.0394e-30	0.040141	2.256e-11	0.006315	0	0.035024	0.017655	0.0004113	6.394e-42	0.011082	1.5555e-05	1.2061e-21	1.5797e-06	0.22359	5.6398e-29	0.0035154	6.3437	1.202	1.7768e-05	4.2661	0.00026211	0.27696	2.1683	0.00025513	2.458	6.9021e-321	1.8896e-06	0.0044371	4.4715	0.0015284	7.8892e-20
15.647	0.02729	43.69	0.00020284	0.049102	2.1161e-16	1.8055e-30	0.039957	2.2456e-11	0.0061921	0	0.035386	0.01758	0.0004137	3.5694e-42	0.011118	1.4793e-05	1.214e-21	1.587e-06	0.22463	5.8839e-29	0.0035383	6.3432	1.2038	1.6515e-05	4.2893	0.0002653	0.27528	2.1686	0.00025701	2.4689	6.9416e-321	1.8449e-06	0.0042695	4.5082	0.0015196	7.8313e-20
15.765	0.027094	43.463	0.00020216	0.047701	1.2652e-16	1.0726e-30	0.03978	2.2356e-11	0.0060775	0	0.035746	0.017505	0.0004161	1.9926e-42	0.011154	1.4175e-05	1.2218e-21	1.5943e-06	0.22567	6.1347e-29	0.0035611	6.3428	1.2057	1.5346e-05	4.3122	0.00026854	0.2736	2.1686	0.0002589	2.48	6.9811e-321	1.8014e-06	0.0044228	4.5445	0.0015108	7.7724e-20
15.882	0.026898	43.236	0.00020149	0.04634	7.5643e-17	6.3718e-31	0.039611	2.2261e-11	0.0059694	0	0.036105	0.017431	0.00041849	1.1123e-42	0.011189	1.367e-05	1.2295e-21	1.6016e-06	0.2267	6.3924e-29	0.0035838	6.3425	1.2075	1.4256e-05	4.335	0.0002653	0.27192	2.1895	0.00025508	2.4716	7.0157e-321	1.759e-06	0.0044052	4.5807	0.0015017	7.7125e-20
16	0.026704	43.011	0.00020084	0.045018	4.5225e-17	3.7852e-31	0.039448	2.217e-11	0.0058666	0	0.036462	0.017357	0.00042089	6.2095e-43	0.011224	1.3252e-05	1.2373e-21	1.6088e-06	0.22773	6.6569e-29	0.0036064	6.3422	1.2093	1.324e-05	4.3576	0.00026854	0.27024	2.1859	0.00025856	2.4872	7.0553e-321	1.7177e-06	0.0044018	4.6168	0.0014926	7.6518e-20
16.118	0.02651	42.786	0.00020019	0.043735	2.7039e-17	2.2486e-31	0.039293	2.2082e-11	0.0057679	0	0.036818	0.017284	0.00042328	3.4664e-43	0.011259	1.2902e-05	1.2449e-21	1.6161e-06	0.22876	6.9284e-29	0.0036288	6.3419	1.2111	1.2294e-05	4.38	0.0002653	0.26856	2.2053	0.00025534	2.4806	7.0898e-321	1.6775e-06	0.0044123	4.6527	0.0014832	7.5903e-20
16.235	0.026316	42.563	0.00019955	0.042488	1.6166e-17	1.3358e-31	0.039144	2.1999e-11	0.0056726	0	0.037171	0.017212	0.00042567	1.9351e-43	0.011293	1.2603e-05	1.2526e-21	1.6233e-06	0.22978	7.2067e-29	0.0036512	6.3417	1.2128	1.1414e-05	4.4023	0.00026854	0.26688	2.2015	0.00025883	2.4962	7.1244e-321	1.6383e-06	0.0042539	4.6885	0.0014737	7.528e-20
16.353	0.026123	42.341	0.00019892	0.041277	9.6654e-18	7.9353e-32	0.039002	2.1919e-11	0.0055799	0	0.037523	0.01714	0.00042806	1.0802e-43	0.011326	1.2345e-05	1.2602e-21	1.6305e-06	0.23081	7.492e-29	0.0036734	6.3416	1.2145	1.0594e-05	4.4243	0.0002653	0.2652	2.2226	0.00025498	2.4876	7.164e-321	1.6e-06	0.0044087	4.7238	0.0014641	7.4648e-20
16.471	0.025931	42.119	0.00019831	0.040101	5.7787e-18	4.714e-32	0.038865	2.1842e-11	0.0054894	0	0.037873	0.017068	0.00043043	6.0302e-44	0.011359	1.2117e-05	1.2678e-21	1.6376e-06	0.23182	7.7843e-29	0.0036955	6.3415	1.2162	9.8308e-06	4.4462	0.00026854	0.26351	2.2222	0.00025692	2.4987	7.1985e-321	1.5627e-06	0.0043938	4.7591	0.0014544	7.401e-20
16.588	0.02574	41.899	0.0001977	0.038959	3.455e-18	2.8004e-32	0.038735	2.1768e-11	0.0054007	0	0.038221	0.016997	0.00043281	3.3663e-44	0.011392	1.1914e-05	1.2753e-21	1.6448e-06	0.23284	8.0834e-29	0.0037174	6.3415	1.2179	9.121e-06	4.4678	0.00027181	0.26183	2.2218	0.00025881	2.5099	7.2381e-321	1.5264e-06	0.0043914	4.7942	0.0014445	7.3364e-20
16.706	0.02555	41.68	0.0001971	0.037849	2.0656e-18	1.6636e-32	0.03861	2.1698e-11	0.0053135	0	0.038566	0.016927	0.00043518	1.8792e-44	0.011424	1.1728e-05	1.2828e-21	1.6519e-06	0.23385	8.3896e-29	0.0037393	6.3415	1.2196	8.4609e-06	4.4893	0.00026854	0.26016	2.2428	0.00025497	2.5011	7.2726e-321	1.4909e-06	0.0044009	4.8291	0.0014345	7.2712e-20
16.824	0.02536	41.462	0.00019651	0.036772	1.235e-18	9.8825e-33	0.03849	2.1631e-11	0.0052276	0	0.038909	0.016857	0.00043754	1.049e-44	0.011456	1.1555e-05	1.2902e-21	1.659e-06	0.23486	8.7026e-29	0.003761	6.3415	1.2212	7.8473e-06	4.5106	0.00027181	0.25848	2.2387	0.00025843	2.5166	7.3072e-321	1.4563e-06	0.004243	4.864	0.0014244	7.2054e-20
16.941	0.025171	41.246	0.00019593	0.035725	7.3838e-19	5.8707e-33	0.038375	2.1566e-11	0.0051428	0	0.03925	0.016788	0.00043989	5.8562e-45	0.011487	1.1393e-05	1.2976e-21	1.6661e-06	0.23586	9.0226e-29	0.0037826	6.3416	1.2228	7.2769e-06	4.5317	0.00026854	0.2568	2.2582	0.00025517	2.5095	7.3418e-321	1.4224e-06	0.0043911	4.8983	0.0014142	7.1389e-20
17.059	0.024983	41.03	0.00019536	0.034709	4.4146e-19	3.4875e-33	0.038265	2.1504e-11	0.005059	0	0.039589	0.016719	0.00044223	3.2691e-45	0.011518	1.1238e-05	1.305e-21	1.6731e-06	0.23686	9.3493e-29	0.003804	6.3417	1.2244	6.7469e-06	4.5527	0.00027181	0.25513	2.2541	0.00025864	2.525	7.3813e-321	1.3894e-06	0.0043709	4.9327	0.0014039	7.0719e-20
17.176	0.024797	40.816	0.0001948	0.033722	2.6394e-19	2.0718e-33	0.03816	2.1445e-11	0.0049761	0	0.039925	0.016651	0.00044457	1.825e-45	0.011548	1.1089e-05	1.3123e-21	1.6801e-06	0.23786	9.683e-29	0.0038253	6.3418	1.226	6.2547e-06	4.5734	0.00026854	0.25346	2.2751	0.00025474	2.5159	7.4159e-321	1.3572e-06	0.0043609	4.9668	0.0013935	7.0044e-20
17.294	0.024611	40.603	0.00019425	0.032763	1.578e-19	1.2308e-33	0.038059	2.1388e-11	0.0048941	0	0.040259	0.016583	0.00044689	1.0188e-45	0.011578	1.0945e-05	1.3195e-21	1.6871e-06	0.23885	1.0023e-28	0.0038465	6.342	1.2276	5.7975e-06	4.5939	0.00027181	0.25179	2.2745	0.00025665	2.5268	7.4456e-321	1.3257e-06	0.0043603	5.0006	0.001383	6.9364e-20
17.412	0.024426	40.392	0.00019371	0.031832	9.4348e-20	7.3113e-34	0.037963	2.1334e-11	0.0048128	0	0.04059	0.016516	0.0004492	5.6871e-46	0.011607	1.0803e-05	1.3267e-21	1.6941e-06	0.23984	1.037e-28	0.0038676	6.3422	1.2291	5.3731e-06	4.6143	0.00027513	0.25012	2.2738	0.00025851	2.5377	7.4802e-321	1.2949e-06	0.0043691	5.0343	0.0013724	6.868e-20
17.529	0.024242	40.182	0.00019318	0.030928	5.6408e-20	4.3433e-34	0.037871	2.1282e-11	0.0047323	0	0.040919	0.016449	0.00045151	3.1748e-46	0.011636	1.0664e-05	1.3339e-21	1.701e-06	0.24082	1.0724e-28	0.0038885	6.3425	1.2306	4.9793e-06	4.6345	0.00027181	0.24846	2.2948	0.00025462	2.5283	7.5147e-321	1.2648e-06	0.0043873	5.0677	0.0013618	6.7991e-20
17.647	0.024059	39.973	0.00019266	0.03005	3.3725e-20	2.5802e-34	0.037782	2.1233e-11	0.0046526	0	0.041245	0.016383	0.0004538	1.7723e-46	0.011664	1.0526e-05	1.341e-21	1.7079e-06	0.2418	1.1085e-28	0.0039093	6.3428	1.2321	4.6138e-06	4.6545	0.00027513	0.2468	2.2904	0.00025804	2.5437	7.5493e-321	1.2354e-06	0.0042401	5.1011	0.0013511	6.7298e-20
17.765	0.023878	39.766	0.00019215	0.029197	2.0164e-20	1.5328e-34	0.037698	2.1185e-11	0.0045736	0	0.041568	0.016318	0.00045608	9.8935e-47	0.011692	1.0389e-05	1.3481e-21	1.7147e-06	0.24277	1.1451e-28	0.0039299	6.3431	1.2336	4.2747e-06	4.6743	0.00027181	0.24514	2.3099	0.00025474	2.5361	7.5839e-321	1.2067e-06	0.0043905	5.1339	0.0013402	6.6602e-20
17.882	0.023697	39.56	0.00019164	0.028369	1.2055e-20	9.1054e-35	0.037617	2.114e-11	0.0044954	0	0.041889	0.016253	0.00045835	5.5229e-47	0.011719	1.0253e-05	1.3551e-21	1.7215e-06	0.24374	1.1825e-28	0.0039504	6.3435	1.235	3.9602e-06	4.6939	0.00027513	0.24349	2.3053	0.00025817	2.5514	7.6136e-321	1.1786e-06	0.0043753	5.1667	0.0013294	6.5902e-20
18	0.023518	39.355	0.00019115	0.027565	7.2077e-21	5.4091e-35	0.03754	2.1096e-11	0.0044178	0	0.042206	0.016188	0.00046061	3.0831e-47	0.011746	1.0118e-05	1.3621e-21	1.7283e-06	0.2447	1.2205e-28	0.0039708	6.3438	1.2365	3.6685e-06	4.7133	0.00027181	0.24184	2.3265	0.00025423	2.5417	7.6432e-321	1.1511e-06	0.0043691	5.1993	0.0013185	6.52e-20
18.118	0.02334	39.152	0.00019067	0.026784	4.3093e-21	3.2133e-35	0.037466	2.1055e-11	0.0043411	0	0.042521	0.016124	0.00046285	1.7211e-47	0.011772	9.9831e-06	1.369e-21	1.735e-06	0.24566	1.2591e-28	0.003991	6.3442	1.2379	3.3982e-06	4.7325	0.00027513	0.2402	2.3254	0.0002561	2.5523	7.6778e-321	1.1243e-06	0.0043714	5.2316	0.0013075	6.4495e-20
18.235	0.023163	38.951	0.00019019	0.026025	2.5764e-21	1.9089e-35	0.037396	2.1015e-11	0.004265	0	0.042833	0.016061	0.00046509	9.6079e-48	0.011798	9.8484e-06	1.3759e-21	1.7417e-06	0.24661	1.2983e-28	0.0040111	6.3447	1.2393	3.1475e-06	4.7516	0.00027848	0.23856	2.3244	0.00025791	2.563	7.7124e-321	1.098e-06	0.0043823	5.2637	0.0012964	6.3788e-20
18.353	0.022987	38.751	0.00018972	0.025288	1.5404e-21	1.134e-35	0.037328	2.0977e-11	0.0041897	0	0.043142	0.015998	0.0004673	5.3635e-48	0.011823	9.7139e-06	1.3827e-21	1.7484e-06	0.24756	1.3382e-28	0.004031	6.3451	1.2406	2.9152e-06	4.7705	0.00027513	0.23693	2.3455	0.00025399	2.5531	7.742e-321	1.0723e-06	0.004402	5.2956	0.0012854	6.3079e-20
18.471	0.022813	38.553	0.00018926	0.024573	9.2097e-22	6.7364e-36	0.037264	2.0941e-11	0.0041152	0	0.043449	0.015936	0.00046951	2.9941e-48	0.011848	9.5795e-06	1.3895e-21	1.755e-06	0.2485	1.3786e-28	0.0040508	6.3456	1.242	2.6999e-06	4.7892	0.00027848	0.2353	2.3406	0.00025737	2.5683	7.7717e-321	1.0471e-06	0.0042588	5.3273	0.0012742	6.2369e-20
18.588	0.02264	38.356	0.00018882	0.023878	5.5063e-22	4.0018e-36	0.037203	2.0906e-11	0.0040414	0	0.043752	0.015874	0.00047169	1.6714e-48	0.011873	9.4453e-06	1.3962e-21	1.7616e-06	0.24943	1.4197e-28	0.0040704	6.3461	1.2433	2.5004e-06	4.8077	0.00027513	0.23368	2.3602	0.00025404	2.5601	7.8013e-321	1.0225e-06	0.0044079	5.3586	0.0012631	6.1657e-20
18.706	0.022468	38.161	0.00018837	0.023203	3.2921e-22	2.3773e-36	0.037144	2.0874e-11	0.0039683	0	0.044052	0.015813	0.00047387	9.3306e-49	0.011896	9.3113e-06	1.4029e-21	1.7682e-06	0.25036	1.4613e-28	0.0040899	6.3466	1.2446	2.3155e-06	4.826	0.00027848	0.23207	2.3552	0.00025742	2.5752	7.8309e-321	9.9842e-07	0.004394	5.3897	0.0012519	6.0944e-20
18.824	0.022298	37.967	0.00018794	0.022548	1.9683e-22	1.4122e-36	0.037088	2.0842e-11	0.0038961	0	0.04435	0.015753	0.00047603	5.2087e-49	0.01192	9.1774e-06	1.4095e-21	1.7747e-06	0.25129	1.5035e-28	0.0041092	6.3472	1.2459	2.1443e-06	4.8441	0.00027513	0.23046	2.3763	0.00025345	2.565	7.8606e-321	9.7485e-07	0.0043888	5.4206	0.0012407	6.023e-20
18.941	0.022129	37.775	0.00018752	0.021911	1.1768e-22	8.3895e-37	0.037035	2.0812e-11	0.0038246	0	0.044644	0.015693	0.00047817	2.9077e-49	0.011943	9.0438e-06	1.4161e-21	1.7811e-06	0.25221	1.5462e-28	0.0041284	6.3477	1.2472	1.9857e-06	4.8621	0.00027848	0.22886	2.375	0.00025527	2.5753	7.8952e-321	9.5178e-07	0.0043921	5.4513	0.0012295	5.9516e-20
19.059	0.021961	37.585	0.0001871	0.021293	7.0357e-23	4.9838e-37	0.036984	2.0784e-11	0.003754	0	0.044935	0.015633	0.0004803	1.6232e-49	0.011965	8.9104e-06	1.4227e-21	1.7876e-06	0.25312	1.5895e-28	0.0041475	6.3483	1.2484	1.8389e-06	4.8798	0.00028188	0.22726	2.3736	0.00025704	2.5858	7.9248e-321	9.2921e-07	0.0044038	5.4817	0.0012182	5.8801e-20
19.176	0.021795	37.397	0.0001867	0.020693	4.2065e-23	2.9606e-37	0.036936	2.0756e-11	0.0036841	0	0.045223	0.015574	0.00048241	9.0613e-50	0.011987	8.7773e-06	1.4291e-21	1.7939e-06	0.25403	1.6334e-28	0.0041664	6.3489	1.2496	1.7029e-06	4.8974	0.00027848	0.22567	2.3946	0.00025309	2.5753	7.9495e-321	9.0712e-07	0.0042555	5.512	0.0012069	5.8087e-20
19.294	0.021631	37.21	0.0001863	0.02011	2.515e-23	1.7588e-37	0.03689	2.073e-11	0.0036151	0	0.045508	0.015516	0.00048451	5.0583e-50	0.012008	8.6445e-06	1.4355e-21	1.8003e-06	0.25493	1.6777e-28	0.0041851	6.3495	1.2508	1.5769e-06	4.9148	0.00028188	0.2241	2.3894	0.00025642	2.5902	7.9792e-321	8.855e-07	0.0043924	5.5418	0.0011957	5.7373e-20
19.412	0.021467	37.024	0.00018591	0.019544	1.5036e-23	1.0448e-37	0.036846	2.0706e-11	0.0035469	0	0.04579	0.015458	0.00048659	2.8238e-50	0.012029	8.5122e-06	1.4419e-21	1.8066e-06	0.25582	1.7225e-28	0.0042037	6.3502	1.252	1.4604e-06	4.932	0.00027848	0.22252	2.4089	0.00025305	2.5815	8.0088e-321	8.6435e-07	0.0043684	5.5715	0.0011844	5.666e-20
19.529	0.021306	36.841	0.00018553	0.018995	8.99e-24	6.2067e-38	0.036804	2.0682e-11	0.0034795	0	0.046068	0.015401	0.00048865	1.5763e-50	0.012049	8.3803e-06	1.4482e-21	1.8128e-06	0.25671	1.7678e-28	0.0042221	6.3508	1.2532	1.3524e-06	4.9491	0.00028188	0.22096	2.4035	0.00025639	2.5964	8.0335e-321	8.4364e-07	0.0043513	5.6009	0.0011731	5.5949e-20
19.647	0.021145	36.659	0.00018515	0.018461	5.3749e-24	3.6871e-38	0.036765	2.066e-11	0.0034129	0	0.046344	0.015344	0.00049069	8.7997e-51	0.012069	8.2489e-06	1.4545e-21	1.819e-06	0.25759	1.8136e-28	0.0042403	6.3515	1.2543	1.2525e-06	4.9659	0.00027848	0.21941	2.4246	0.00025238	2.5856	8.0632e-321	8.2338e-07	0.0043402	5.6301	0.0011619	5.5238e-20
19.765	0.020987	36.48	0.00018478	0.017942	3.2135e-24	2.1904e-38	0.036727	2.0639e-11	0.0033471	0	0.046616	0.015288	0.00049272	4.9123e-51	0.012089	8.1181e-06	1.4607e-21	1.8252e-06	0.25846	1.8598e-28	0.0042584	6.3522	1.2555	1.1601e-06	4.9826	0.00028188	0.21786	2.4229	0.00025416	2.5957	8.0879e-321	8.0356e-07	0.0043345	5.659	0.0011506	5.4529e-20
19.882	0.02083	36.301	0.00018443	0.017439	1.9213e-24	1.3012e-38	0.036692	2.0619e-11	0.0032822	0	0.046885	0.015233	0.00049473	2.7423e-51	0.012108	7.9878e-06	1.4668e-21	1.8313e-06	0.25933	1.9065e-28	0.0042764	6.3529	1.2566	1.0745e-06	4.999	0.00028531	0.21633	2.4211	0.00025589	2.6058	8.1175e-321	7.8416e-07	0.0043338	5.6876	0.0011394	5.3822e-20
20	0.020674	36.125	0.00018407	0.01695	1.1487e-24	7.7298e-39	0.036658	2.06e-11	0.0032182	0	0.047151	0.015178	0.00049672	1.5308e-51	0.012126	7.8582e-06	1.4729e-21	1.8373e-06	0.26019	1.9536e-28	0.0042941	6.3536	1.2577	9.9528e-07	5.0153	0.00028188	0.2148	2.4421	0.00025191	2.5947	8.1422e-321	7.6517e-07	0.004338	5.716	0.0011282	5.3117e-20
20.118	0.020521	35.951	0.00018373	0.016475	6.8679e-25	4.5919e-39	0.036626	2.0582e-11	0.0031549	0	0.047414	0.015124	0.0004987	8.5457e-52	0.012145	7.7293e-06	1.479e-21	1.8433e-06	0.26104	2.001e-28	0.0043117	6.3543	1.2587	9.2197e-07	5.0314	0.00028531	0.21328	2.4364	0.00025519	2.6095	8.162e-321	7.466e-07	0.0043471	5.7441	0.001117	5.2414e-20
20.235	0.020368	35.778	0.00018339	0.016014	4.1061e-25	2.7278e-39	0.036596	2.0565e-11	0.0030926	0	0.047673	0.01507	0.00050065	4.7705e-52	0.012162	7.6011e-06	1.485e-21	1.8493e-06	0.26189	2.0489e-28	0.0043292	6.355	1.2598	8.5412e-07	5.0473	0.00028188	0.21177	2.4558	0.00025179	2.6002	8.1867e-321	7.2843e-07	0.0043615	5.7719	0.0011058	5.1714e-20
20.353	0.020218	35.607	0.00018307	0.015566	2.455e-25	1.6205e-39	0.036567	2.0549e-11	0.003031	0	0.047929	0.015017	0.00050259	2.6631e-52	0.012179	7.4736e-06	1.4909e-21	1.8552e-06	0.26273	2.0971e-28	0.0043465	6.3558	1.2608	7.9133e-07	5.0631	0.00028531	0.21028	2.45	0.00025507	2.6148	8.2114e-321	7.1065e-07	0.0043818	5.7994	0.0010947	5.1016e-20
20.471	0.020069	35.438	0.00018274	0.015132	1.4678e-25	9.6266e-40	0.03654	2.0534e-11	0.0029703	0	0.048182	0.014964	0.00050451	1.4866e-52	0.012196	7.347e-06	1.4967e-21	1.8611e-06	0.26356	2.1456e-28	0.0043636	6.3565	1.2618	7.3322e-07	5.0786	0.00028188	0.20879	2.471	0.00025104	2.6034	8.2361e-321	6.9325e-07	0.0042464	5.8269	0.0010836	5.0322e-20
20.588	0.019921	35.271	0.00018243	0.014709	8.7755e-26	5.7187e-40	0.036514	2.0519e-11	0.0029105	0	0.048432	0.014912	0.0005064	8.299e-53	0.012212	7.2213e-06	1.5026e-21	1.8669e-06	0.26439	2.1945e-28	0.0043805	6.3573	1.2628	6.7943e-07	5.094	0.00028531	0.20732	2.4689	0.00025277	2.6132	8.2657e-321	6.7624e-07	0.0043836	5.8537	0.0010726	4.9631e-20
20.706	0.019776	35.106	0.00018212	0.014299	5.2467e-26	3.3972e-40	0.03649	2.0506e-11	0.0028515	0	0.048678	0.014861	0.00050828	4.6328e-53	0.012228	7.0964e-06	1.5083e-21	1.8726e-06	0.2652	2.2436e-28	0.0043973	6.3581	1.2638	6.2965e-07	5.1092	0.00028879	0.20585	2.4668	0.00025445	2.623	8.2855e-321	6.5959e-07	0.004365	5.8805	0.0010615	4.8943e-20
20.824	0.019632	34.943	0.00018182	0.013901	3.1369e-26	2.0181e-40	0.036468	2.0493e-11	0.0027933	0	0.048921	0.01481	0.00051014	2.5862e-53	0.012244	6.9724e-06	1.514e-21	1.8783e-06	0.26601	2.2931e-28	0.0044139	6.3589	1.2648	5.8358e-07	5.1242	0.00028531	0.2044	2.4876	0.00025044	2.6113	8.3102e-321	6.4331e-07	0.0043521	5.907	0.0010506	4.826e-20
20.941	0.01949	34.781	0.00018153	0.013515	1.8755e-26	1.1989e-40	0.036447	2.0481e-11	0.002736	0	0.049161	0.01476	0.00051198	1.4437e-53	0.012259	6.8494e-06	1.5196e-21	1.884e-06	0.26681	2.3428e-28	0.0044303	6.3596	1.2657	5.4094e-07	5.139	0.00028879	0.20296	2.4815	0.00025367	2.6258	8.3349e-321	6.2739e-07	0.0043442	5.9332	0.0010397	4.758e-20
21.059	0.019349	34.622	0.00018124	0.013139	1.1213e-26	7.122e-41	0.036427	2.047e-11	0.0026795	0	0.049397	0.01471	0.0005138	8.0594e-54	0.012273	6.7274e-06	1.5252e-21	1.8896e-06	0.26761	2.3927e-28	0.0044466	6.3604	1.2667	5.0147e-07	5.1537	0.00028531	0.20153	2.5007	0.00025024	2.6159	8.3596e-321	6.1183e-07	0.0043408	5.9591	0.0010288	4.6904e-20
21.176	0.01921	34.465	0.00018096	0.012775	6.704e-27	4.2309e-41	0.036408	2.0459e-11	0.0026238	0	0.04963	0.014661	0.00051561	4.4991e-54	0.012288	6.6064e-06	1.5307e-21	1.8951e-06	0.2684	2.4429e-28	0.0044627	6.3612	1.2676	4.6493e-07	5.1681	0.00028879	0.20011	2.4944	0.00025347	2.6302	8.3892e-321	5.9661e-07	0.0043417	5.9847	0.001018	4.6233e-20
21.294	0.019073	34.309	0.00018068	0.01242	4.0082e-27	2.5134e-41	0.03639	2.0449e-11	0.002569	0	0.04986	0.014613	0.00051739	2.5116e-54	0.012301	6.4865e-06	1.5362e-21	1.9006e-06	0.26918	2.4932e-28	0.0044786	6.362	1.2685	4.3111e-07	5.1824	0.00028531	0.1987	2.5152	0.00024942	2.6182	8.409e-321	5.8173e-07	0.0043468	6.01	0.0010072	4.5566e-20
21.412	0.018938	34.155	0.00018042	0.012077	2.3964e-27	1.4931e-41	0.036374	2.044e-11	0.0025151	0	0.050087	0.014565	0.00051914	1.4021e-54	0.012315	6.3677e-06	1.5416e-21	1.906e-06	0.26995	2.5437e-28	0.0044943	6.3629	1.2693	3.9981e-07	5.1965	0.00028879	0.19731	2.5126	0.0002511	2.6277	8.4337e-321	5.6719e-07	0.0043564	6.035	0.00099656	4.4904e-20
21.529	0.018804	34.004	0.00018016	0.011743	1.4328e-27	8.8696e-42	0.036359	2.0432e-11	0.0024619	0	0.05031	0.014518	0.00052088	7.8268e-55	0.012328	6.25e-06	1.5469e-21	1.9114e-06	0.27071	2.5944e-28	0.0045099	6.3637	1.2702	3.7083e-07	5.2104	0.00029231	0.19593	2.5099	0.00025276	2.6373	8.4584e-321	5.5298e-07	0.0043707	6.0598	0.00098595	4.4247e-20
21.647	0.018672	33.854	0.0001799	0.011419	8.5661e-28	5.269e-42	0.036344	2.0424e-11	0.0024096	0	0.050529	0.014471	0.0005226	4.3692e-55	0.01234	6.1334e-06	1.5522e-21	1.9167e-06	0.27146	2.6452e-28	0.0045252	6.3645	1.271	3.44e-07	5.2241	0.00028879	0.19456	2.5304	0.00024876	2.6252	8.4732e-321	5.3909e-07	0.0043904	6.0842	0.00097541	4.3596e-20
21.765	0.018542	33.706	0.00017965	0.011104	5.1215e-28	3.1301e-42	0.036331	2.0416e-11	0.0023582	0	0.050746	0.014425	0.0005243	2.4391e-55	0.012353	6.018e-06	1.5574e-21	1.922e-06	0.27221	2.6961e-28	0.0045404	6.3653	1.2719	3.1916e-07	5.2376	0.00029231	0.19321	2.5235	0.00025202	2.6398	8.4979e-321	5.2552e-07	0.0042591	6.1085	0.00096495	4.295e-20
21.882	0.018414	33.561	0.00017941	0.010798	3.062e-28	1.8594e-42	0.036319	2.0409e-11	0.0023075	0	0.050959	0.01438	0.00052598	1.3616e-55	0.012365	5.9038e-06	1.5625e-21	1.9272e-06	0.27295	2.747e-28	0.0045554	6.3662	1.2727	2.9615e-07	5.251	0.00028879	0.19186	2.5418	0.00024874	2.6301	8.5226e-321	5.1227e-07	0.0043915	6.1323	0.00095456	4.2309e-20
22	0.018287	33.417	0.00017917	0.010501	1.8307e-28	1.1046e-42	0.036308	2.0403e-11	0.0022577	0	0.051169	0.014335	0.00052763	7.6009e-56	0.012376	5.7908e-06	1.5676e-21	1.9323e-06	0.27368	2.798e-28	0.0045703	6.367	1.2735	2.7485e-07	5.2641	0.00029231	0.19054	2.5338	0.00025229	2.6457	8.5424e-321	4.9933e-07	0.0043729	6.1559	0.00094426	4.1674e-20
22.118	0.018162	33.275	0.00017894	0.010213	1.0945e-28	6.562e-43	0.036297	2.0397e-11	0.0022087	0	0.051376	0.014291	0.00052926	4.2431e-56	0.012387	5.679e-06	1.5726e-21	1.9374e-06	0.2744	2.8491e-28	0.0045849	6.3678	1.2742	2.5513e-07	5.2771	0.00028879	0.18922	2.5521	0.000249	2.6359	8.5622e-321	4.8669e-07	0.0043594	6.1792	0.00093404	4.1046e-20
22.235	0.018039	33.136	0.00017871	0.0099327	6.5441e-29	3.8982e-43	0.036288	2.0392e-11	0.0021604	0	0.051579	0.014247	0.00053088	2.3687e-56	0.012398	5.5685e-06	1.5776e-21	1.9424e-06	0.27511	2.9001e-28	0.0045994	6.3686	1.275	2.3686e-07	5.2899	0.00029231	0.18793	2.5448	0.00025225	2.6502	8.5819e-321	4.7434e-07	0.0043505	6.2021	0.0009239	4.0423e-20
22.353	0.017918	32.998	0.00017849	0.0096608	3.9126e-29	2.3157e-43	0.036279	2.0387e-11	0.002113	0	0.051779	0.014204	0.00053247	1.3223e-56	0.012408	5.4593e-06	1.5825e-21	1.9473e-06	0.27582	2.9512e-28	0.0046136	6.3695	1.2757	2.1993e-07	5.3025	0.00028879	0.18664	2.5652	0.0002482	2.6377	8.6017e-321	4.6229e-07	0.0043456	6.2248	0.00091386	3.9806e-20
22.471	0.017799	32.862	0.00017828	0.0093968	2.3392e-29	1.3757e-43	0.036271	2.0382e-11	0.0020664	0	0.051975	0.014162	0.00053404	7.3815e-57	0.012419	5.3513e-06	1.5873e-21	1.9522e-06	0.27651	3.0021e-28	0.0046277	6.3703	1.2765	2.0424e-07	5.315	0.00029231	0.18537	2.5619	0.00024985	2.6468	8.6214e-321	4.5053e-07	0.0043445	6.2472	0.00090391	3.9196e-20
22.588	0.017681	32.728	0.00017807	0.0091405	1.3986e-29	8.1722e-44	0.036264	2.0378e-11	0.0020206	0	0.052169	0.01412	0.00053558	4.1206e-57	0.012428	5.2446e-06	1.5921e-21	1.9571e-06	0.2772	3.0531e-28	0.0046416	6.3711	1.2772	1.8971e-07	5.3272	0.00029588	0.18412	2.5586	0.00025146	2.656	8.6412e-321	4.3905e-07	0.0043471	6.2693	0.00089405	3.8593e-20
22.706	0.017566	32.597	0.00017786	0.0088915	8.3618e-30	4.8547e-44	0.036257	2.0375e-11	0.0019755	0	0.052359	0.014079	0.00053711	2.3003e-57	0.012438	5.1392e-06	1.5968e-21	1.9619e-06	0.27788	3.1039e-28	0.0046553	6.372	1.2779	1.7624e-07	5.3393	0.00029231	0.18288	2.5787	0.00024743	2.6432	8.661e-321	4.2785e-07	0.0043534	6.291	0.0008843	3.7996e-20
22.824	0.017452	32.467	0.00017766	0.0086498	4.9993e-30	2.884e-44	0.036251	2.0371e-11	0.0019313	0	0.052545	0.014039	0.00053861	1.2841e-57	0.012447	5.0351e-06	1.6014e-21	1.9666e-06	0.27855	3.1546e-28	0.0046688	6.3728	1.2786	1.6376e-07	5.3512	0.00029588	0.18165	2.571	0.00025065	2.6576	8.6807e-321	4.1692e-07	0.0043637	6.3125	0.00087464	3.7406e-20
22.941	0.01734	32.34	0.00017747	0.008415	2.989e-30	1.7132e-44	0.036246	2.0368e-11	0.0018878	0	0.052729	0.013999	0.00054009	7.1684e-58	0.012456	4.9323e-06	1.606e-21	1.9712e-06	0.27921	3.2052e-28	0.0046822	6.3736	1.2792	1.5219e-07	5.3629	0.00029231	0.18044	2.5889	0.00024738	2.6474	8.6956e-321	4.0627e-07	0.0043784	6.3336	0.00086509	3.6823e-20
23.059	0.017229	32.214	0.00017728	0.0081871	1.787e-30	1.0178e-44	0.036242	2.0366e-11	0.001845	0	0.052909	0.01396	0.00054155	4.0017e-58	0.012464	4.8309e-06	1.6105e-21	1.9758e-06	0.27986	3.2557e-28	0.0046953	6.3744	1.2799	1.4146e-07	5.3744	0.00029588	0.17925	2.5799	0.00025095	2.663	8.7153e-321	3.9587e-07	0.0043981	6.3544	0.00085564	3.6248e-20
23.176	0.017121	32.09	0.00017709	0.0079657	1.0684e-30	6.046e-45	0.036238	2.0363e-11	0.0018031	0	0.053086	0.013921	0.00054298	2.2339e-58	0.012473	4.7308e-06	1.6149e-21	1.9803e-06	0.2805	3.3059e-28	0.0047082	6.3753	1.2805	1.3151e-07	5.3857	0.00029231	0.17807	2.5972	0.0002478	2.6533	8.7351e-321	3.8574e-07	0.0042714	6.3751	0.0008463	3.5679e-20
23.294	0.017014	31.969	0.00017691	0.0077508	6.3879e-31	3.5917e-45	0.036234	2.0361e-11	0.0017618	0	0.053259	0.013883	0.00054439	1.247e-58	0.012481	4.6321e-06	1.6193e-21	1.9848e-06	0.28114	3.3559e-28	0.004721	6.3761	1.2812	1.2228e-07	5.3968	0.00029588	0.17691	2.588	0.00025136	2.6688	8.7499e-321	3.7587e-07	0.0044001	6.3952	0.00083708	3.5118e-20
23.412	0.01691	31.85	0.00017674	0.007542	3.8192e-31	2.1336e-45	0.036231	2.036e-11	0.0017214	0	0.05343	0.013846	0.00054578	6.9615e-59	0.012488	4.5348e-06	1.6236e-21	1.9892e-06	0.28176	3.4057e-28	0.0047335	6.3769	1.2818	1.1372e-07	5.4078	0.00029231	0.17576	2.6058	0.00024805	2.6584	8.7746e-321	3.6625e-07	0.0043824	6.4151	0.00082797	3.4565e-20
23.529	0.016807	31.732	0.00017657	0.0073394	2.2834e-31	1.2675e-45	0.036228	2.0358e-11	0.0016816	0	0.053597	0.013809	0.00054715	3.8862e-59	0.012496	4.4388e-06	1.6278e-21	1.9935e-06	0.28237	3.4552e-28	0.0047459	6.3777	1.2824	1.0578e-07	5.4186	0.00029588	0.17463	2.5976	0.00025126	2.6724	8.7894e-321	3.5687e-07	0.0043696	6.4347	0.00081898	3.402e-20
23.647	0.016706	31.617	0.0001764	0.0071426	1.3652e-31	7.5296e-46	0.036226	2.0357e-11	0.0016426	0	0.053761	0.013773	0.00054849	2.1694e-59	0.012503	4.3441e-06	1.632e-21	1.9977e-06	0.28298	3.5044e-28	0.0047581	6.3785	1.2829	9.8414e-08	5.4291	0.00029231	0.17352	2.6176	0.00024716	2.659	8.8141e-321	3.4774e-07	0.0043613	6.4539	0.0008101	3.3482e-20
23.765	0.016607	31.504	0.00017624	0.0069515	8.1623e-32	4.473e-46	0.036225	2.0356e-11	0.0016043	0	0.053921	0.013738	0.00054981	1.211e-59	0.012509	4.2509e-06	1.6361e-21	2.0019e-06	0.28357	3.5533e-28	0.00477	6.3793	1.2835	9.1577e-08	5.4395	0.00029588	0.17243	2.6136	0.00024875	2.6676	8.8339e-321	3.3885e-07	0.0043569	6.4729	0.00080135	3.2952e-20
23.882	0.016509	31.393	0.00017609	0.0067659	4.88e-32	2.6572e-46	0.036224	2.0356e-11	0.0015668	0	0.054078	0.013703	0.00055111	6.7605e-60	0.012516	4.159e-06	1.6401e-21	2.006e-06	0.28416	3.6018e-28	0.0047818	6.3801	1.2841	8.5231e-08	5.4497	0.00029948	0.17135	2.6095	0.0002503	2.6763	8.8487e-321	3.302e-07	0.0043562	6.4915	0.00079273	3.2431e-20
24	0.016414	31.284	0.00017593	0.0065857	2.9177e-32	1.5785e-46	0.036223	2.0355e-11	0.0015299	0	0.054233	0.013669	0.00055239	3.774e-60	0.012522	4.0685e-06	1.6441e-21	2.0101e-06	0.28473	3.65e-28	0.0047933	6.3809	1.2846	7.934e-08	5.4598	0.00029588	0.17029	2.6293	0.00024622	2.6626	8.8685e-321	3.2178e-07	0.0043592	6.5098	0.00078422	3.1917e-20
24.118	0.01632	31.177	0.00017578	0.0064108	1.7444e-32	9.3773e-47	0.036222	2.0355e-11	0.0014938	0	0.054384	0.013635	0.00055364	2.1068e-60	0.012528	3.9794e-06	1.648e-21	2.0141e-06	0.2853	3.6978e-28	0.0048047	6.3816	1.2851	7.387e-08	5.4696	0.00029948	0.16924	2.6208	0.00024936	2.6764	8.8833e-321	3.1359e-07	0.0043659	6.5277	0.00077585	3.1412e-20
24.235	0.016228	31.072	0.00017564	0.0062409	1.0429e-32	5.5706e-47	0.036222	2.0355e-11	0.0014583	0	0.054531	0.013602	0.00055486	1.1761e-60	0.012534	3.8917e-06	1.6518e-21	2.018e-06	0.28585	3.7452e-28	0.0048158	6.3824	1.2857	6.8791e-08	5.4793	0.00029588	0.16821	2.6383	0.00024604	2.6654	8.8981e-321	3.0562e-07	0.0043767	6.5454	0.00076761	3.0916e-20
24.353	0.016138	30.969	0.0001755	0.006076	6.2355e-33	3.3092e-47	0.036222	2.0355e-11	0.0014235	0	0.054676	0.01357	0.00055607	6.5654e-61	0.01254	3.8053e-06	1.6556e-21	2.0218e-06	0.2864	3.7921e-28	0.0048268	6.3832	1.2862	6.4073e-08	5.4887	0.00029948	0.16721	2.6285	0.00024953	2.6805	8.9179e-321	2.9788e-07	0.0043919	6.5627	0.0007595	3.0427e-20
24.471	0.01605	30.868	0.00017536	0.0059158	3.7281e-33	1.9659e-47	0.036223	2.0355e-11	0.0013894	0	0.054817	0.013539	0.00055725	3.665e-61	0.012545	3.7203e-06	1.6593e-21	2.0256e-06	0.28694	3.8386e-28	0.0048375	6.3839	1.2867	5.9689e-08	5.498	0.00029588	0.16621	2.6454	0.00024633	2.67	8.9376e-321	2.9035e-07	0.0044122	6.5796	0.00075152	2.9948e-20
24.588	0.015964	30.769	0.00017523	0.0057603	2.2289e-33	1.1678e-47	0.036223	2.0355e-11	0.001356	0	0.054955	0.013508	0.0005584	2.046e-61	0.01255	3.6367e-06	1.6629e-21	2.0293e-06	0.28746	3.8845e-28	0.0048481	6.3847	1.2871	5.5616e-08	5.5071	0.00029948	0.16524	2.6355	0.00024982	2.685	8.9525e-321	2.8303e-07	0.00429	6.5964	0.00074368	2.9477e-20
24.706	0.015879	30.672	0.0001751	0.0056093	1.3326e-33	6.9376e-48	0.036224	2.0356e-11	0.0013232	0	0.05509	0.013477	0.00055954	1.1421e-61	0.012555	3.5544e-06	1.6664e-21	2.0329e-06	0.28798	3.93e-28	0.0048584	6.3854	1.2876	5.1831e-08	5.516	0.00029588	0.16429	2.6528	0.00024646	2.6738	8.9673e-321	2.7593e-07	0.0044173	6.6126	0.00073598	2.9015e-20
24.824	0.015797	30.578	0.00017498	0.0054627	7.9675e-34	4.1213e-48	0.036225	2.0357e-11	0.0012911	0	0.055222	0.013448	0.00056064	6.3758e-62	0.01256	3.4735e-06	1.6699e-21	2.0365e-06	0.28848	3.9749e-28	0.0048685	6.3861	1.2881	4.8313e-08	5.5247	0.00029948	0.16335	2.6439	0.00024959	2.6872	8.9821e-321	2.6903e-07	0.0044022	6.6286	0.00072842	2.8561e-20
24.941	0.015716	30.485	0.00017486	0.0053204	4.7636e-34	2.4483e-48	0.036227	2.0357e-11	0.0012596	0	0.055351	0.013419	0.00056173	3.5592e-62	0.012565	3.3939e-06	1.6733e-21	2.04e-06	0.28898	4.0193e-28	0.0048784	6.3869	1.2885	4.5042e-08	5.5332	0.00029588	0.16243	2.6634	0.00024545	2.673	8.9969e-321	2.6233e-07	0.0043926	6.6442	0.00072099	2.8117e-20
25.059	0.015637	30.395	0.00017474	0.0051823	2.8481e-34	1.4544e-48	0.036228	2.0358e-11	0.0012287	0	0.055477	0.01339	0.00056279	1.9869e-62	0.012569	3.3157e-06	1.6766e-21	2.0434e-06	0.28946	4.0631e-28	0.0048881	6.3876	1.2889	4.2e-08	5.5415	0.00029948	0.16153	2.6586	0.00024697	2.681	9.0118e-321	2.5583e-07	0.0043879	6.6596	0.00071372	2.7682e-20
25.176	0.01556	30.306	0.00017463	0.0050482	1.7028e-34	8.6399e-49	0.03623	2.0359e-11	0.0011985	0	0.055599	0.013363	0.00056383	1.1092e-62	0.012573	3.2388e-06	1.6799e-21	2.0467e-06	0.28994	4.1062e-28	0.0048976	6.3883	1.2893	3.9172e-08	5.5497	0.00030314	0.16065	2.6539	0.00024844	2.689	9.0216e-321	2.4953e-07	0.0043879	6.6746	0.00070658	2.7256e-20
25.294	0.015485	30.22	0.00017452	0.004918	1.0181e-34	5.1326e-49	0.036232	2.036e-11	0.0011689	0	0.055718	0.013335	0.00056484	6.1918e-63	0.012577	3.1633e-06	1.6831e-21	2.05e-06	0.2904	4.1487e-28	0.0049069	6.389	1.2897	3.6542e-08	5.5576	0.00029948	0.15979	2.6732	0.00024432	2.6746	9.0365e-321	2.4343e-07	0.0043927	6.6892	0.0006996	2.6839e-20
25.412	0.015412	30.136	0.00017441	0.0047916	6.0868e-35	3.049e-49	0.036234	2.0361e-11	0.0011399	0	0.055835	0.013309	0.00056583	3.4565e-63	0.012581	3.0891e-06	1.6862e-21	2.0532e-06	0.29086	4.1906e-28	0.004916	6.3896	1.2901	3.4096e-08	5.5654	0.00030314	0.15895	2.6639	0.00024739	2.6879	9.0463e-321	2.3751e-07	0.0044023	6.7035	0.00069277	2.6431e-20
25.529	0.01534	30.054	0.00017431	0.0046689	3.6391e-35	1.8113e-49	0.036236	2.0363e-11	0.0011115	0	0.055948	0.013283	0.00056679	1.9296e-63	0.012585	3.0163e-06	1.6892e-21	2.0563e-06	0.2913	4.2318e-28	0.0049248	6.3903	1.2905	3.182e-08	5.573	0.00029948	0.15812	2.6808	0.00024404	2.6761	9.0612e-321	2.3179e-07	0.0044172	6.7174	0.00068608	2.6032e-20
25.647	0.01527	29.974	0.00017421	0.0045499	2.1758e-35	1.076e-49	0.036238	2.0364e-11	0.0010837	0	0.056058	0.013258	0.00056773	1.0771e-63	0.012588	2.9448e-06	1.6922e-21	2.0594e-06	0.29173	4.2723e-28	0.0049335	6.391	1.2909	2.9703e-08	5.5804	0.00030314	0.15732	2.6702	0.00024747	2.6909	9.071e-321	2.2624e-07	0.0042924	6.7312	0.00067955	2.5644e-20
25.765	0.015203	29.896	0.00017411	0.0044344	1.3008e-35	6.3921e-50	0.036241	2.0365e-11	0.0010565	0	0.056165	0.013234	0.00056864	6.0131e-64	0.012591	2.8746e-06	1.6951e-21	2.0623e-06	0.29216	4.312e-28	0.0049419	6.3916	1.2913	2.7733e-08	5.5876	0.00029948	0.15653	2.6863	0.00024428	2.6798	9.0859e-321	2.2088e-07	0.0044122	6.7443	0.00067317	2.5264e-20
25.882	0.015137	29.82	0.00017402	0.0043223	7.7774e-36	3.7972e-50	0.036243	2.0366e-11	0.0010299	0	0.056269	0.01321	0.00056954	3.3567e-64	0.012595	2.8057e-06	1.6979e-21	2.0652e-06	0.29257	4.351e-28	0.0049501	6.3922	1.2916	2.5901e-08	5.5946	0.00030314	0.15577	2.6751	0.00024779	2.6948	9.0957e-321	2.157e-07	0.004392	6.7573	0.00066695	2.4894e-20
26	0.015073	29.747	0.00017393	0.0042135	4.65e-36	2.2558e-50	0.036246	2.0368e-11	0.0010038	0	0.05637	0.013187	0.0005704	1.8739e-64	0.012598	2.7382e-06	1.7007e-21	2.068e-06	0.29297	4.3892e-28	0.0049581	6.3928	1.2919	2.4195e-08	5.6014	0.00029948	0.15502	2.6911	0.00024462	2.6839	9.1106e-321	2.107e-07	0.0043765	6.7699	0.00066088	2.4534e-20
26.118	0.01501	29.675	0.00017385	0.0041081	2.7801e-36	1.34e-50	0.036248	2.0369e-11	0.00097831	0	0.056468	0.013164	0.00057124	1.0461e-64	0.0126	2.6719e-06	1.7033e-21	2.0708e-06	0.29336	4.4266e-28	0.0049659	6.3934	1.2923	2.2609e-08	5.608	0.00030314	0.1543	2.6798	0.00024813	2.6987	9.1205e-321	2.0587e-07	0.0043651	6.7821	0.00065497	2.4184e-20
26.235	0.01495	29.606	0.00017376	0.0040058	1.6622e-36	7.9606e-51	0.036251	2.0371e-11	0.00095337	0	0.056563	0.013142	0.00057206	5.8395e-65	0.012603	2.607e-06	1.7059e-21	2.0734e-06	0.29374	4.4632e-28	0.0049734	6.394	1.2926	2.1132e-08	5.6144	0.00029948	0.15359	2.6957	0.0002449	2.6874	9.1303e-321	2.0121e-07	0.0043571	6.794	0.00064922	2.3843e-20
26.353	0.014891	29.538	0.00017368	0.0039066	9.9377e-37	4.729e-51	0.036253	2.0372e-11	0.00092897	0	0.056654	0.013121	0.00057285	3.2598e-65	0.012606	2.5434e-06	1.7085e-21	2.076e-06	0.29411	4.4989e-28	0.0049807	6.3946	1.2929	1.9759e-08	5.6207	0.00030314	0.15291	2.6846	0.00024832	2.7018	9.1402e-321	1.9671e-07	0.0043523	6.8056	0.00064364	2.3512e-20
26.471	0.014835	29.473	0.0001736	0.0038104	5.9416e-37	2.8093e-51	0.036256	2.0373e-11	0.00090511	0	0.056743	0.013101	0.00057362	1.8198e-65	0.012608	2.4811e-06	1.7109e-21	2.0785e-06	0.29446	4.5338e-28	0.0049878	6.3951	1.2932	1.848e-08	5.6267	0.00029948	0.15224	2.7011	0.0002449	2.6896	9.1452e-321	1.9239e-07	0.0043503	6.8168	0.00063821	2.3191e-20
26.588	0.01478	29.41	0.00017353	0.0037173	3.5523e-37	1.6689e-51	0.036258	2.0375e-11	0.00088179	0	0.056829	0.013081	0.00057436	1.0159e-65	0.012611	2.42e-06	1.7133e-21	2.081e-06	0.29481	4.5679e-28	0.0049947	6.3957	1.2935	1.7291e-08	5.6326	0.00030314	0.1516	2.6912	0.00024794	2.7023	9.16e-321	1.8823e-07	0.0043511	6.8276	0.00063295	2.288e-20
26.706	0.014727	29.349	0.00017346	0.003627	2.1239e-37	9.914e-52	0.036261	2.0376e-11	0.000859	0	0.056912	0.013062	0.00057508	5.6709e-66	0.012613	2.3603e-06	1.7156e-21	2.0833e-06	0.29514	4.601e-28	0.0050014	6.3962	1.2937	1.6185e-08	5.6382	0.00029948	0.15097	2.7099	0.00024374	2.687	9.1699e-321	1.8422e-07	0.0043548	6.8381	0.00062785	2.2579e-20
26.824	0.014676	29.29	0.00017339	0.0035397	1.2698e-37	5.8894e-52	0.036263	2.0378e-11	0.00083673	0	0.056992	0.013043	0.00057577	3.1657e-66	0.012615	2.3019e-06	1.7178e-21	2.0856e-06	0.29547	4.6331e-28	0.0050078	6.3967	1.294	1.5157e-08	5.6437	0.00030314	0.15037	2.7042	0.00024517	2.6941	9.1797e-321	1.8038e-07	0.0043613	6.8482	0.00062292	2.2288e-20
26.941	0.014626	29.233	0.00017332	0.0034551	7.5919e-38	3.4986e-52	0.036266	2.0379e-11	0.00081498	0	0.057068	0.013025	0.00057644	1.7672e-66	0.012617	2.2448e-06	1.7199e-21	2.0878e-06	0.29578	4.6644e-28	0.0050141	6.3972	1.2943	1.4201e-08	5.649	0.00030683	0.14978	2.6985	0.00024654	2.7013	9.1896e-321	1.767e-07	0.0043711	6.858	0.00061815	2.2007e-20
27.059	0.014579	29.178	0.00017326	0.0033733	4.539e-38	2.0784e-52	0.036268	2.0381e-11	0.00079374	0	0.057142	0.013008	0.00057709	9.8654e-67	0.012619	2.189e-06	1.722e-21	2.0899e-06	0.29608	4.6947e-28	0.00502	6.3977	1.2945	1.3312e-08	5.6541	0.00030314	0.14922	2.717	0.00024237	2.6857	9.1946e-321	1.7317e-07	0.0043846	6.8674	0.00061356	2.1736e-20
27.176	0.014533	29.125	0.0001732	0.0032943	2.7138e-38	1.2347e-52	0.036271	2.0382e-11	0.00077302	0	0.057213	0.012992	0.00057771	5.5072e-67	0.012621	2.1346e-06	1.7239e-21	2.092e-06	0.29637	4.7239e-28	0.0050258	6.3981	1.2947	1.2487e-08	5.659	0.00030683	0.14868	2.7067	0.00024533	2.6982	9.2044e-321	1.6979e-07	0.0044022	6.8764	0.00060913	2.1475e-20
27.294	0.014489	29.075	0.00017314	0.0032179	1.6225e-38	7.3346e-53	0.036273	2.0383e-11	0.00075281	0	0.057281	0.012976	0.0005783	3.0743e-67	0.012622	2.0815e-06	1.7258e-21	2.0939e-06	0.29665	4.7522e-28	0.0050314	6.3986	1.295	1.1721e-08	5.6637	0.00030314	0.14816	2.7228	0.00024191	2.6854	9.2143e-321	1.6656e-07	0.0042829	6.8852	0.00060487	2.1224e-20
27.412	0.014447	29.026	0.00017309	0.0031443	9.7006e-39	4.3572e-53	0.036275	2.0384e-11	0.0007331	0	0.057346	0.012961	0.00057887	1.7162e-67	0.012624	2.0299e-06	1.7277e-21	2.0958e-06	0.29692	4.7795e-28	0.0050367	6.399	1.2952	1.101e-08	5.6682	0.00030683	0.14766	2.7111	0.00024524	2.6993	9.2193e-321	1.6349e-07	0.0044012	6.8935	0.00060079	2.0984e-20
27.529	0.014407	28.98	0.00017304	0.0030733	5.7998e-39	2.5884e-53	0.036277	2.0386e-11	0.00071391	0	0.057408	0.012946	0.00057941	9.5806e-68	0.012625	1.9796e-06	1.7294e-21	2.0976e-06	0.29717	4.8057e-28	0.0050417	6.3994	1.2954	1.0352e-08	5.6725	0.00030314	0.14718	2.7263	0.00024198	2.6872	9.2242e-321	1.6056e-07	0.0043825	6.9015	0.00059687	2.0754e-20
27.647	0.014369	28.936	0.00017299	0.003005	3.4676e-39	1.5376e-53	0.03628	2.0387e-11	0.00069523	0	0.057467	0.012932	0.00057993	5.3483e-68	0.012627	1.9307e-06	1.7311e-21	2.0993e-06	0.29742	4.8308e-28	0.0050466	6.3998	1.2956	9.7419e-09	5.6766	0.00030683	0.14673	2.7141	0.00024539	2.7014	9.2291e-321	1.5778e-07	0.0043679	6.9091	0.00059314	2.0534e-20
27.765	0.014332	28.894	0.00017294	0.0029394	2.0732e-39	9.1344e-54	0.036282	2.0388e-11	0.00067706	0	0.057524	0.012919	0.00058042	2.9856e-68	0.012628	1.8833e-06	1.7327e-21	2.101e-06	0.29765	4.8549e-28	0.0050512	6.4002	1.2957	9.1779e-09	5.6805	0.00030314	0.14629	2.7291	0.00024216	2.6894	9.239e-321	1.5514e-07	0.0043566	6.9164	0.00058957	2.0325e-20
27.882	0.014298	28.854	0.0001729	0.0028764	1.2395e-39	5.4263e-54	0.036284	2.0389e-11	0.00065942	0	0.057577	0.012907	0.00058089	1.6667e-68	0.012629	1.8375e-06	1.7342e-21	2.1025e-06	0.29787	4.8779e-28	0.0050556	6.4006	1.2959	8.657e-09	5.6842	0.00030683	0.14588	2.7166	0.00024558	2.7036	9.244e-321	1.5265e-07	0.0043482	6.9233	0.00058618	2.0126e-20
28	0.014265	28.816	0.00017285	0.0028162	7.4108e-40	3.2235e-54	0.036285	2.039e-11	0.00064231	0	0.057627	0.012895	0.00058133	9.304e-69	0.01263	1.7932e-06	1.7356e-21	2.104e-06	0.29808	4.8998e-28	0.0050598	6.4009	1.2961	8.1767e-09	5.6877	0.00030314	0.14549	2.7314	0.00024235	2.6915	9.2538e-321	1.5029e-07	0.0043423	6.9298	0.00058297	1.9937e-20
28.118	0.014234	28.78	0.00017281	0.0027587	4.4307e-40	1.915e-54	0.036287	2.0391e-11	0.00062574	0	0.057675	0.012884	0.00058175	5.1939e-69	0.012631	1.7505e-06	1.7369e-21	2.1054e-06	0.29828	4.9205e-28	0.0050637	6.4012	1.2962	7.7347e-09	5.691	0.00030683	0.14512	2.7187	0.00024576	2.7056	9.2588e-321	1.4808e-07	0.0043386	6.936	0.00057994	1.9759e-20
28.235	0.014205	28.747	0.00017278	0.002704	2.649e-40	1.1376e-54	0.036289	2.0392e-11	0.00060973	0	0.057719	0.012873	0.00058215	2.8994e-69	0.012632	1.7095e-06	1.7382e-21	2.1067e-06	0.29847	4.9401e-28	0.0050674	6.4015	1.2964	7.3289e-09	5.6942	0.00030314	0.14477	2.7334	0.00024252	2.6934	9.2637e-321	1.4601e-07	0.004337	6.9418	0.00057708	1.9592e-20
28.353	0.014178	28.716	0.00017274	0.0026521	1.5838e-40	6.7579e-55	0.036291	2.0393e-11	0.0005943	0	0.057761	0.012863	0.00058251	1.6186e-69	0.012633	1.6703e-06	1.7394e-21	2.1079e-06	0.29864	4.9585e-28	0.0050709	6.4018	1.2965	6.9574e-09	5.6971	0.00030683	0.14444	2.7206	0.00024592	2.7074	9.2736e-321	1.4408e-07	0.0043373	6.9472	0.00057441	1.9435e-20
28.471	0.014153	28.686	0.00017271	0.0026031	9.4692e-41	4.0146e-55	0.036292	2.0394e-11	0.00057948	0	0.0578	0.012854	0.00058286	9.0355e-70	0.012634	1.6329e-06	1.7405e-21	2.1091e-06	0.29881	4.9757e-28	0.0050741	6.4021	1.2966	6.6185e-09	5.6998	0.00030314	0.14414	2.7351	0.00024267	2.6951	9.2736e-321	1.4228e-07	0.0043396	6.9523	0.00057191	1.9289e-20
28.588	0.014129	28.659	0.00017268	0.0025571	5.6615e-41	2.3849e-55	0.036293	2.0395e-11	0.00056529	0	0.057836	0.012846	0.00058317	5.0439e-70	0.012635	1.5974e-06	1.7415e-21	2.1101e-06	0.29896	4.9918e-28	0.0050771	6.4023	1.2968	6.3104e-09	5.7023	0.00030683	0.14386	2.7221	0.00024606	2.709	9.2786e-321	1.4062e-07	0.0043439	6.957	0.0005696	1.9153e-20
28.706	0.014108	28.634	0.00017265	0.0025141	3.3849e-41	1.4168e-55	0.036295	2.0395e-11	0.00055177	0	0.057869	0.012838	0.00058346	2.8157e-70	0.012636	1.5641e-06	1.7425e-21	2.1111e-06	0.2991	5.0066e-28	0.0050799	6.4026	1.2969	6.0319e-09	5.7047	0.00030314	0.1436	2.7366	0.0002428	2.6965	9.2786e-321	1.3909e-07	0.0043505	6.9613	0.00056746	1.9028e-20
28.824	0.014088	28.611	0.00017263	0.0024742	2.0238e-41	8.4164e-56	0.036296	2.0396e-11	0.00053898	0	0.057899	0.012831	0.00058373	1.5719e-70	0.012636	1.5329e-06	1.7434e-21	2.112e-06	0.29922	5.0203e-28	0.0050824	6.4028	1.297	5.7817e-09	5.7068	0.00030683	0.14336	2.7234	0.00024618	2.7103	9.2835e-321	1.377e-07	0.0043595	6.9652	0.00056551	1.8914e-20
28.941	0.01407	28.591	0.00017261	0.0024375	1.2101e-41	5.0001e-56	0.036297	2.0397e-11	0.00052696	0	0.057926	0.012824	0.00058397	8.7749e-71	0.012637	1.504e-06	1.7441e-21	2.1128e-06	0.29934	5.0327e-28	0.0050847	6.403	1.2971	5.5584e-09	5.7087	0.00030314	0.14314	2.7378	0.0002429	2.6977	9.2884e-321	1.3644e-07	0.0043714	6.9688	0.00056374	1.8811e-20
29.059	0.014054	28.572	0.00017259	0.0024042	7.2359e-42	2.9708e-56	0.036298	2.0397e-11	0.00051578	0	0.057951	0.012818	0.00058419	4.8988e-71	0.012637	1.4775e-06	1.7448e-21	2.1135e-06	0.29944	5.0438e-28	0.0050867	6.4031	1.2971	5.3613e-09	5.7104	0.00030683	0.14295	2.7245	0.00024628	2.7114	9.2884e-321	1.3532e-07	0.0043868	6.972	0.00056216	1.8718e-20
29.176	0.01404	28.556	0.00017257	0.0023744	4.3283e-42	1.7656e-56	0.036298	2.0398e-11	0.00050551	0	0.057972	0.012813	0.00058438	2.7352e-71	0.012638	1.4536e-06	1.7455e-21	2.1142e-06	0.29953	5.0537e-28	0.0050885	6.4033	1.2972	5.1893e-09	5.712	0.00030314	0.14278	2.7387	0.00024298	2.6987	9.2934e-321	1.3433e-07	0.0044062	6.9748	0.00056075	1.8636e-20
29.294	0.014028	28.542	0.00017256	0.0023481	2.5912e-42	1.0502e-56	0.036299	2.0398e-11	0.00049624	0	0.057991	0.012809	0.00058454	1.5279e-71	0.012638	1.4325e-06	1.746e-21	2.1147e-06	0.29961	5.0623e-28	0.0050901	6.4034	1.2973	5.0417e-09	5.7133	0.00030683	0.14263	2.7253	0.00024635	2.7122	9.2934e-321	1.3347e-07	0.0042901	6.9774	0.00055954	1.8565e-20
29.412	0.014017	28.53	0.00017254	0.0023255	1.555e-42	6.2606e-57	0.0363	2.0398e-11	0.00048805	0	0.058007	0.012805	0.00058468	8.5464e-72	0.012638	1.4143e-06	1.7465e-21	2.1152e-06	0.29968	5.0696e-28	0.0050914	6.4035	1.2973	4.9178e-09	5.7144	0.00030314	0.14251	2.7394	0.00024305	2.6994	9.2983e-321	1.3274e-07	0.0044092	6.9793	0.00055851	1.8505e-20
29.529	0.014009	28.52	0.00017253	0.0023068	9.3942e-43	3.7562e-57	0.0363	2.0399e-11	0.00048105	0	0.05802	0.012802	0.0005848	4.8018e-72	0.012639	1.3991e-06	1.7468e-21	2.1156e-06	0.29973	5.0755e-28	0.0050925	6.4036	1.2974	4.8172e-09	5.7153	0.00030683	0.1424	2.7259	0.0002464	2.7128	9.2983e-321	1.3215e-07	0.004393	6.981	0.00055766	1.8455e-20
29.647	0.014002	28.512	0.00017252	0.002292	5.7787e-43	2.2939e-57	0.036301	2.0399e-11	0.00047535	0	0.05803	0.0128	0.00058489	2.7359e-72	0.012639	1.3871e-06	1.7471e-21	2.1159e-06	0.29978	5.0802e-28	0.0050934	6.4037	1.2974	4.7393e-09	5.716	0.00030314	0.14232	2.7399	0.00024309	2.6998	9.3033e-321	1.3169e-07	0.0043811	6.9824	0.00055701	1.8417e-20
29.765	0.013997	28.507	0.00017252	0.0022813	3.7262e-43	1.4679e-57	0.036301	2.0399e-11	0.00047109	0	0.058037	0.012798	0.00058495	1.6263e-72	0.012639	1.3784e-06	1.7473e-21	2.1161e-06	0.29981	5.0836e-28	0.005094	6.4038	1.2974	4.6839e-09	5.7166	0.00030683	0.14227	2.7263	0.00024643	2.7131	9.2983e-321	1.3136e-07	0.0043729	6.9833	0.00055654	1.8389e-20
29.882	0.013994	28.504	0.00017251	0.0022748	2.6815e-43	1.0491e-57	0.036301	2.0399e-11	0.0004684	0	0.058041	0.012797	0.00058499	1.0854e-72	0.012639	1.3731e-06	1.7475e-21	2.1162e-06	0.29983	5.0856e-28	0.0050943	6.4038	1.2974	4.6507e-09	5.7169	0.00030314	0.14223	2.7401	0.00024311	2.7001	9.3033e-321	1.3116e-07	0.0043682	6.9839	0.00055625	1.8373e-20
30	0.013993	28.503	0.00017251	0.0022726	2.3621e-43	9.2128e-58	0.036301	2.0399e-11	0.00046746	0	0.058043	0.012797	0.000585	9.2389e-73	0.012639	1.3714e-06	1.7475e-21	2.1163e-06	0.29983	5.0863e-28	0.0050945	6.4038	1.2974	4.6396e-09	5.717	0.00030683	0.14222	2.7264	0.00024644	2.7132	9.3033e-321	1.3109e-07	0.0043666	6.9841	0.00055616	1.8367e-20
