732420,30
732427,26
732436,25
732441,23
732448,24
732455,26
732462,21
732470,24
732476,22
732484,18
732490,18
732497,17
732504,15
732504,15
732504,18
732511,14
732518,14
732525,18
732533,18
732539,16
732546,18
732554,17
732559,14
732567,14
732574,15
732582,15
732588,16
732595,19
732763,21
732799,28
732805,28
732812,25
732819,22
732826,23
732834,20
732841,19
732847,16
732855,14
732861,17
732868,16
732875,16
732882,13
732889,14
732896,17
732903,13
732910,12
732918,14
732924,14
732931,10
732938,11
732945,15
732953,13
732959,19
733143,34
733148,33
733155,32
733164,33
733169,27
733177,28
733184,30
733191,26
733197,27
733204,24
733211,25
733218,22
733225,22
733232,25
733239,27
733246,26
733255,21
733261,20
733267,18
733274,27
733281,20
733288,21
733295,19
733305,21
733309,19
733316,25
733323,23
733331,22
733515,53
733519,46
733526,58
733533,40
733541,41
733551,37
733554,36
733561,31
733568,41
733575,27
733582,29
733589,30
733596,26
733604,27
733610,27
733617,23
733624,22
733631,22
733638,21
733645,21
733652,20
733659,24
733666,22
733673,23
733680,23
733687,34
733694,32
733890,35
733897,29
733904,27
733908,25
733918,24
733932,23
733939,19
733946,20
733953,23
733960,16
733967,21
733974,17
733988,21
733995,18
734002,19
734009,19
734012,17
734016,28
734023,20
734030,26
734037,22
734044,24
734051,24
734058,23
734254,30
734261,30
734268,27
734276,24
734283,23
734289,20
734296,21
734303,18
734310,24
734317,19
734324,18
734331,25
734338,19
734345,18
734353,13
734359,17
734366,19
734381,21
734387,21
734395,19
734401,18
734408,24
734415,23
734422,28
734619,31
734626,29
734632,24
734641,20
734646,24
734653,26
734660,23
734668,23
734674,25
734681,21
734688,22
734696,20
734702,21
734709,18
734716,22
734723,17
